range (m) overlap_factor (smoothed by 4 range bins)
-307.500000 -0.000067
-292.500000 -0.000170
-277.500000 -0.000205
-262.500000 -0.000154
-247.500000 -0.000060
-232.500000 -0.000039
-217.500000 -0.000039
-202.500000 -0.000064
-187.500000 -0.000048
-172.500000 -0.000024
-157.500000 -0.000022
-142.500000 -0.000009
-127.500000 -0.000021
-112.500000 -0.000024
-97.500000 -0.000019
-82.500000 -0.000010
-67.500000 -0.000005
-52.500000 -0.000003
-37.500000 0.000190
-22.500000 0.000239
-7.500000 0.000246
7.500000 0.000087
22.500000 0.000199
37.500000 0.001124
52.500000 0.005636
67.500000 0.018453
82.500000 0.041873
97.500000 0.074450
112.500000 0.112250
127.500000 0.153234
142.500000 0.197064
157.500000 0.243705
172.500000 0.293085
187.500000 0.344588
202.500000 0.397351
217.500000 0.449451
232.500000 0.499007
247.500000 0.544663
262.500000 0.585797
277.500000 0.622769
292.500000 0.655548
307.500000 0.685446
322.500000 0.712838
337.500000 0.738396
352.500000 0.762014
367.500000 0.783335
382.500000 0.802554
397.500000 0.820721
412.500000 0.837496
427.500000 0.852880
442.500000 0.866185
457.500000 0.878824
472.500000 0.890437
487.500000 0.901293
502.500000 0.910727
517.500000 0.918948
532.500000 0.925809
547.500000 0.932110
562.500000 0.937299
577.500000 0.942387
592.500000 0.947906
607.500000 0.953794
622.500000 0.958849
637.500000 0.962244
652.500000 0.966209
667.500000 0.970028
682.500000 0.973264
697.500000 0.975542
712.500000 0.977277
727.500000 0.980340
742.500000 0.983071
757.500000 0.986306
772.500000 0.988788
787.500000 0.992585
802.500000 0.996893
817.500000 0.999688
832.500000 1.001147
847.500000 1.001330
862.500000 1.001522
877.500000 1.000558
892.500000 0.999373
907.500000 0.999116
922.500000 0.998374
937.500000 0.998943
952.500000 0.998788
967.500000 1.000669
982.500000 1.000678
997.500000 1.001512
1012.500000 1.000323
1027.500000 0.999356
1042.500000 0.998268
1057.500000 0.995805
1072.500000 0.993424
1087.500000 0.987988
1102.500000 0.985333
1117.500000 0.982453
1132.500000 0.981335
1147.500000 0.978495
1162.500000 0.973794
1177.500000 0.970640
1192.500000 0.968573
1207.500000 0.965957
1222.500000 0.964425
1237.500000 0.965863
1252.500000 0.968979
1267.500000 0.972082
1282.500000 0.975052
1297.500000 0.976218
1312.500000 0.975556
1327.500000 0.972533
1342.500000 0.974131
1357.500000 0.975615
1372.500000 0.977742
1387.500000 0.979535
1402.500000 0.981149
1417.500000 0.978927
1432.500000 0.970730
1447.500000 0.963989
1462.500000 0.958089
1477.500000 0.956320
1492.500000 0.951123
1507.500000 0.948048
1522.500000 0.946803
1537.500000 0.949619
1552.500000 0.954185
1567.500000 0.956836
1582.500000 0.960898
1597.500000 0.963552
1612.500000 0.966411
1627.500000 0.968196
1642.500000 0.970021
1657.500000 0.974811
1672.500000 0.976023
1687.500000 0.975580
1702.500000 0.972625
1717.500000 0.967397
1732.500000 0.965050
1747.500000 0.960341
1762.500000 0.960823
1777.500000 0.959739
1792.500000 0.959649
1807.500000 0.962663
1822.500000 0.966523
1837.500000 0.974014
1852.500000 0.974990
1867.500000 0.977395
1882.500000 0.976357
1897.500000 0.981044
1912.500000 0.986733
1927.500000 0.991291
1942.500000 0.996255
1957.500000 0.997936
1972.500000 1.000497
1987.500000 1.000037
2002.500000 1.000000
2017.500000 1.000000
2032.500000 1.000000
2047.500000 1.000000
2062.500000 1.000000
2077.500000 1.000000
2092.500000 1.000000
2107.500000 1.000000
2122.500000 1.000000
2137.500000 1.000000
2152.500000 1.000000
2167.500000 1.000000
2182.500000 1.000000
2197.500000 1.000000
2212.500000 1.000000
2227.500000 1.000000
2242.500000 1.000000
2257.500000 1.000000
2272.500000 1.000000
2287.500000 1.000000
2302.500000 1.000000
2317.500000 1.000000
2332.500000 1.000000
2347.500000 1.000000
2362.500000 1.000000
2377.500000 1.000000
2392.500000 1.000000
2407.500000 1.000000
2422.500000 1.000000
2437.500000 1.000000
2452.500000 1.000000
2467.500000 1.000000
2482.500000 1.000000
2497.500000 1.000000
2512.500000 1.000000
2527.500000 1.000000
2542.500000 1.000000
2557.500000 1.000000
2572.500000 1.000000
2587.500000 1.000000
2602.500000 1.000000
2617.500000 1.000000
2632.500000 1.000000
2647.500000 1.000000
2662.500000 1.000000
2677.500000 1.000000
2692.500000 1.000000
2707.500000 1.000000
2722.500000 1.000000
2737.500000 1.000000
2752.500000 1.000000
2767.500000 1.000000
2782.500000 1.000000
2797.500000 1.000000
2812.500000 1.000000
2827.500000 1.000000
2842.500000 1.000000
2857.500000 1.000000
2872.500000 1.000000
2887.500000 1.000000
2902.500000 1.000000
2917.500000 1.000000
2932.500000 1.000000
2947.500000 1.000000
2962.500000 1.000000
2977.500000 1.000000
2992.500000 1.000000
3007.500000 1.000000
3022.500000 1.000000
3037.500000 1.000000
3052.500000 1.000000
3067.500000 1.000000
3082.500000 1.000000
3097.500000 1.000000
3112.500000 1.000000
3127.500000 1.000000
3142.500000 1.000000
3157.500000 1.000000
3172.500000 1.000000
3187.500000 1.000000
3202.500000 1.000000
3217.500000 1.000000
3232.500000 1.000000
3247.500000 1.000000
3262.500000 1.000000
3277.500000 1.000000
3292.500000 1.000000
3307.500000 1.000000
3322.500000 1.000000
3337.500000 1.000000
3352.500000 1.000000
3367.500000 1.000000
3382.500000 1.000000
3397.500000 1.000000
3412.500000 1.000000
3427.500000 1.000000
3442.500000 1.000000
3457.500000 1.000000
3472.500000 1.000000
3487.500000 1.000000
3502.500000 1.000000
3517.500000 1.000000
3532.500000 1.000000
3547.500000 1.000000
3562.500000 1.000000
3577.500000 1.000000
3592.500000 1.000000
3607.500000 1.000000
3622.500000 1.000000
3637.500000 1.000000
3652.500000 1.000000
3667.500000 1.000000
3682.500000 1.000000
3697.500000 1.000000
3712.500000 1.000000
3727.500000 1.000000
3742.500000 1.000000
3757.500000 1.000000
3772.500000 1.000000
3787.500000 1.000000
3802.500000 1.000000
3817.500000 1.000000
3832.500000 1.000000
3847.500000 1.000000
3862.500000 1.000000
3877.500000 1.000000
3892.500000 1.000000
3907.500000 1.000000
3922.500000 1.000000
3937.500000 1.000000
3952.500000 1.000000
3967.500000 1.000000
3982.500000 1.000000
3997.500000 1.000000
4012.500000 1.000000
4027.500000 1.000000
4042.500000 1.000000
4057.500000 1.000000
4072.500000 1.000000
4087.500000 1.000000
4102.500000 1.000000
4117.500000 1.000000
4132.500000 1.000000
4147.500000 1.000000
4162.500000 1.000000
4177.500000 1.000000
4192.500000 1.000000
4207.500000 1.000000
4222.500000 1.000000
4237.500000 1.000000
4252.500000 1.000000
4267.500000 1.000000
4282.500000 1.000000
4297.500000 1.000000
4312.500000 1.000000
4327.500000 1.000000
4342.500000 1.000000
4357.500000 1.000000
4372.500000 1.000000
4387.500000 1.000000
4402.500000 1.000000
4417.500000 1.000000
4432.500000 1.000000
4447.500000 1.000000
4462.500000 1.000000
4477.500000 1.000000
4492.500000 1.000000
4507.500000 1.000000
4522.500000 1.000000
4537.500000 1.000000
4552.500000 1.000000
4567.500000 1.000000
4582.500000 1.000000
4597.500000 1.000000
4612.500000 1.000000
4627.500000 1.000000
4642.500000 1.000000
4657.500000 1.000000
4672.500000 1.000000
4687.500000 1.000000
4702.500000 1.000000
4717.500000 1.000000
4732.500000 1.000000
4747.500000 1.000000
4762.500000 1.000000
4777.500000 1.000000
4792.500000 1.000000
4807.500000 1.000000
4822.500000 1.000000
4837.500000 1.000000
4852.500000 1.000000
4867.500000 1.000000
4882.500000 1.000000
4897.500000 1.000000
4912.500000 1.000000
4927.500000 1.000000
4942.500000 1.000000
4957.500000 1.000000
4972.500000 1.000000
4987.500000 1.000000
5002.500000 1.000000
5017.500000 1.000000
5032.500000 1.000000
5047.500000 1.000000
5062.500000 1.000000
5077.500000 1.000000
5092.500000 1.000000
5107.500000 1.000000
5122.500000 1.000000
5137.500000 1.000000
5152.500000 1.000000
5167.500000 1.000000
5182.500000 1.000000
5197.500000 1.000000
5212.500000 1.000000
5227.500000 1.000000
5242.500000 1.000000
5257.500000 1.000000
5272.500000 1.000000
5287.500000 1.000000
5302.500000 1.000000
5317.500000 1.000000
5332.500000 1.000000
5347.500000 1.000000
5362.500000 1.000000
5377.500000 1.000000
5392.500000 1.000000
5407.500000 1.000000
5422.500000 1.000000
5437.500000 1.000000
5452.500000 1.000000
5467.500000 1.000000
5482.500000 1.000000
5497.500000 1.000000
5512.500000 1.000000
5527.500000 1.000000
5542.500000 1.000000
5557.500000 1.000000
5572.500000 1.000000
5587.500000 1.000000
5602.500000 1.000000
5617.500000 1.000000
5632.500000 1.000000
5647.500000 1.000000
5662.500000 1.000000
5677.500000 1.000000
5692.500000 1.000000
5707.500000 1.000000
5722.500000 1.000000
5737.500000 1.000000
5752.500000 1.000000
5767.500000 1.000000
5782.500000 1.000000
5797.500000 1.000000
5812.500000 1.000000
5827.500000 1.000000
5842.500000 1.000000
5857.500000 1.000000
5872.500000 1.000000
5887.500000 1.000000
5902.500000 1.000000
5917.500000 1.000000
5932.500000 1.000000
5947.500000 1.000000
5962.500000 1.000000
5977.500000 1.000000
5992.500000 1.000000
6007.500000 1.000000
6022.500000 1.000000
6037.500000 1.000000
6052.500000 1.000000
6067.500000 1.000000
6082.500000 1.000000
6097.500000 1.000000
6112.500000 1.000000
6127.500000 1.000000
6142.500000 1.000000
6157.500000 1.000000
6172.500000 1.000000
6187.500000 1.000000
6202.500000 1.000000
6217.500000 1.000000
6232.500000 1.000000
6247.500000 1.000000
6262.500000 1.000000
6277.500000 1.000000
6292.500000 1.000000
6307.500000 1.000000
6322.500000 1.000000
6337.500000 1.000000
6352.500000 1.000000
6367.500000 1.000000
6382.500000 1.000000
6397.500000 1.000000
6412.500000 1.000000
6427.500000 1.000000
6442.500000 1.000000
6457.500000 1.000000
6472.500000 1.000000
6487.500000 1.000000
6502.500000 1.000000
6517.500000 1.000000
6532.500000 1.000000
6547.500000 1.000000
6562.500000 1.000000
6577.500000 1.000000
6592.500000 1.000000
6607.500000 1.000000
6622.500000 1.000000
6637.500000 1.000000
6652.500000 1.000000
6667.500000 1.000000
6682.500000 1.000000
6697.500000 1.000000
6712.500000 1.000000
6727.500000 1.000000
6742.500000 1.000000
6757.500000 1.000000
6772.500000 1.000000
6787.500000 1.000000
6802.500000 1.000000
6817.500000 1.000000
6832.500000 1.000000
6847.500000 1.000000
6862.500000 1.000000
6877.500000 1.000000
6892.500000 1.000000
6907.500000 1.000000
6922.500000 1.000000
6937.500000 1.000000
6952.500000 1.000000
6967.500000 1.000000
6982.500000 1.000000
6997.500000 1.000000
7012.500000 1.000000
7027.500000 1.000000
7042.500000 1.000000
7057.500000 1.000000
7072.500000 1.000000
7087.500000 1.000000
7102.500000 1.000000
7117.500000 1.000000
7132.500000 1.000000
7147.500000 1.000000
7162.500000 1.000000
7177.500000 1.000000
7192.500000 1.000000
7207.500000 1.000000
7222.500000 1.000000
7237.500000 1.000000
7252.500000 1.000000
7267.500000 1.000000
7282.500000 1.000000
7297.500000 1.000000
7312.500000 1.000000
7327.500000 1.000000
7342.500000 1.000000
7357.500000 1.000000
7372.500000 1.000000
7387.500000 1.000000
7402.500000 1.000000
7417.500000 1.000000
7432.500000 1.000000
7447.500000 1.000000
7462.500000 1.000000
7477.500000 1.000000
7492.500000 1.000000
7507.500000 1.000000
7522.500000 1.000000
7537.500000 1.000000
7552.500000 1.000000
7567.500000 1.000000
7582.500000 1.000000
7597.500000 1.000000
7612.500000 1.000000
7627.500000 1.000000
7642.500000 1.000000
7657.500000 1.000000
7672.500000 1.000000
7687.500000 1.000000
7702.500000 1.000000
7717.500000 1.000000
7732.500000 1.000000
7747.500000 1.000000
7762.500000 1.000000
7777.500000 1.000000
7792.500000 1.000000
7807.500000 1.000000
7822.500000 1.000000
7837.500000 1.000000
7852.500000 1.000000
7867.500000 1.000000
7882.500000 1.000000
7897.500000 1.000000
7912.500000 1.000000
7927.500000 1.000000
7942.500000 1.000000
7957.500000 1.000000
7972.500000 1.000000
7987.500000 1.000000
8002.500000 1.000000
8017.500000 1.000000
8032.500000 1.000000
8047.500000 1.000000
8062.500000 1.000000
8077.500000 1.000000
8092.500000 1.000000
8107.500000 1.000000
8122.500000 1.000000
8137.500000 1.000000
8152.500000 1.000000
8167.500000 1.000000
8182.500000 1.000000
8197.500000 1.000000
8212.500000 1.000000
8227.500000 1.000000
8242.500000 1.000000
8257.500000 1.000000
8272.500000 1.000000
8287.500000 1.000000
8302.500000 1.000000
8317.500000 1.000000
8332.500000 1.000000
8347.500000 1.000000
8362.500000 1.000000
8377.500000 1.000000
8392.500000 1.000000
8407.500000 1.000000
8422.500000 1.000000
8437.500000 1.000000
8452.500000 1.000000
8467.500000 1.000000
8482.500000 1.000000
8497.500000 1.000000
8512.500000 1.000000
8527.500000 1.000000
8542.500000 1.000000
8557.500000 1.000000
8572.500000 1.000000
8587.500000 1.000000
8602.500000 1.000000
8617.500000 1.000000
8632.500000 1.000000
8647.500000 1.000000
8662.500000 1.000000
8677.500000 1.000000
8692.500000 1.000000
8707.500000 1.000000
8722.500000 1.000000
8737.500000 1.000000
8752.500000 1.000000
8767.500000 1.000000
8782.500000 1.000000
8797.500000 1.000000
8812.500000 1.000000
8827.500000 1.000000
8842.500000 1.000000
8857.500000 1.000000
8872.500000 1.000000
8887.500000 1.000000
8902.500000 1.000000
8917.500000 1.000000
8932.500000 1.000000
8947.500000 1.000000
8962.500000 1.000000
8977.500000 1.000000
8992.500000 1.000000
9007.500000 1.000000
9022.500000 1.000000
9037.500000 1.000000
9052.500000 1.000000
9067.500000 1.000000
9082.500000 1.000000
9097.500000 1.000000
9112.500000 1.000000
9127.500000 1.000000
9142.500000 1.000000
9157.500000 1.000000
9172.500000 1.000000
9187.500000 1.000000
9202.500000 1.000000
9217.500000 1.000000
9232.500000 1.000000
9247.500000 1.000000
9262.500000 1.000000
9277.500000 1.000000
9292.500000 1.000000
9307.500000 1.000000
9322.500000 1.000000
9337.500000 1.000000
9352.500000 1.000000
9367.500000 1.000000
9382.500000 1.000000
9397.500000 1.000000
9412.500000 1.000000
9427.500000 1.000000
9442.500000 1.000000
9457.500000 1.000000
9472.500000 1.000000
9487.500000 1.000000
9502.500000 1.000000
9517.500000 1.000000
9532.500000 1.000000
9547.500000 1.000000
9562.500000 1.000000
9577.500000 1.000000
9592.500000 1.000000
9607.500000 1.000000
9622.500000 1.000000
9637.500000 1.000000
9652.500000 1.000000
9667.500000 1.000000
9682.500000 1.000000
9697.500000 1.000000
9712.500000 1.000000
9727.500000 1.000000
9742.500000 1.000000
9757.500000 1.000000
9772.500000 1.000000
9787.500000 1.000000
9802.500000 1.000000
9817.500000 1.000000
9832.500000 1.000000
9847.500000 1.000000
9862.500000 1.000000
9877.500000 1.000000
9892.500000 1.000000
9907.500000 1.000000
9922.500000 1.000000
9937.500000 1.000000
9952.500000 1.000000
9967.500000 1.000000
9982.500000 1.000000
9997.500000 1.000000
10012.500000 1.000000
10027.500000 1.000000
10042.500000 1.000000
10057.500000 1.000000
10072.500000 1.000000
10087.500000 1.000000
10102.500000 1.000000
10117.500000 1.000000
10132.500000 1.000000
10147.500000 1.000000
10162.500000 1.000000
10177.500000 1.000000
10192.500000 1.000000
10207.500000 1.000000
10222.500000 1.000000
10237.500000 1.000000
10252.500000 1.000000
10267.500000 1.000000
10282.500000 1.000000
10297.500000 1.000000
10312.500000 1.000000
10327.500000 1.000000
10342.500000 1.000000
10357.500000 1.000000
10372.500000 1.000000
10387.500000 1.000000
10402.500000 1.000000
10417.500000 1.000000
10432.500000 1.000000
10447.500000 1.000000
10462.500000 1.000000
10477.500000 1.000000
10492.500000 1.000000
10507.500000 1.000000
10522.500000 1.000000
10537.500000 1.000000
10552.500000 1.000000
10567.500000 1.000000
10582.500000 1.000000
10597.500000 1.000000
10612.500000 1.000000
10627.500000 1.000000
10642.500000 1.000000
10657.500000 1.000000
10672.500000 1.000000
10687.500000 1.000000
10702.500000 1.000000
10717.500000 1.000000
10732.500000 1.000000
10747.500000 1.000000
10762.500000 1.000000
10777.500000 1.000000
10792.500000 1.000000
10807.500000 1.000000
10822.500000 1.000000
10837.500000 1.000000
10852.500000 1.000000
10867.500000 1.000000
10882.500000 1.000000
10897.500000 1.000000
10912.500000 1.000000
10927.500000 1.000000
10942.500000 1.000000
10957.500000 1.000000
10972.500000 1.000000
10987.500000 1.000000
11002.500000 1.000000
11017.500000 1.000000
11032.500000 1.000000
11047.500000 1.000000
11062.500000 1.000000
11077.500000 1.000000
11092.500000 1.000000
11107.500000 1.000000
11122.500000 1.000000
11137.500000 1.000000
11152.500000 1.000000
11167.500000 1.000000
11182.500000 1.000000
11197.500000 1.000000
11212.500000 1.000000
11227.500000 1.000000
11242.500000 1.000000
11257.500000 1.000000
11272.500000 1.000000
11287.500000 1.000000
11302.500000 1.000000
11317.500000 1.000000
11332.500000 1.000000
11347.500000 1.000000
11362.500000 1.000000
11377.500000 1.000000
11392.500000 1.000000
11407.500000 1.000000
11422.500000 1.000000
11437.500000 1.000000
11452.500000 1.000000
11467.500000 1.000000
11482.500000 1.000000
11497.500000 1.000000
11512.500000 1.000000
11527.500000 1.000000
11542.500000 1.000000
11557.500000 1.000000
11572.500000 1.000000
11587.500000 1.000000
11602.500000 1.000000
11617.500000 1.000000
11632.500000 1.000000
11647.500000 1.000000
11662.500000 1.000000
11677.500000 1.000000
11692.500000 1.000000
11707.500000 1.000000
11722.500000 1.000000
11737.500000 1.000000
11752.500000 1.000000
11767.500000 1.000000
11782.500000 1.000000
11797.500000 1.000000
11812.500000 1.000000
11827.500000 1.000000
11842.500000 1.000000
11857.500000 1.000000
11872.500000 1.000000
11887.500000 1.000000
11902.500000 1.000000
11917.500000 1.000000
11932.500000 1.000000
11947.500000 1.000000
11962.500000 1.000000
11977.500000 1.000000
11992.500000 1.000000
12007.500000 1.000000
12022.500000 1.000000
12037.500000 1.000000
12052.500000 1.000000
12067.500000 1.000000
12082.500000 1.000000
12097.500000 1.000000
12112.500000 1.000000
12127.500000 1.000000
12142.500000 1.000000
12157.500000 1.000000
12172.500000 1.000000
12187.500000 1.000000
12202.500000 1.000000
12217.500000 1.000000
12232.500000 1.000000
12247.500000 1.000000
12262.500000 1.000000
12277.500000 1.000000
12292.500000 1.000000
12307.500000 1.000000
12322.500000 1.000000
12337.500000 1.000000
12352.500000 1.000000
12367.500000 1.000000
12382.500000 1.000000
12397.500000 1.000000
12412.500000 1.000000
12427.500000 1.000000
12442.500000 1.000000
12457.500000 1.000000
12472.500000 1.000000
12487.500000 1.000000
12502.500000 1.000000
12517.500000 1.000000
12532.500000 1.000000
12547.500000 1.000000
12562.500000 1.000000
12577.500000 1.000000
12592.500000 1.000000
12607.500000 1.000000
12622.500000 1.000000
12637.500000 1.000000
12652.500000 1.000000
12667.500000 1.000000
12682.500000 1.000000
12697.500000 1.000000
12712.500000 1.000000
12727.500000 1.000000
12742.500000 1.000000
12757.500000 1.000000
12772.500000 1.000000
12787.500000 1.000000
12802.500000 1.000000
12817.500000 1.000000
12832.500000 1.000000
12847.500000 1.000000
12862.500000 1.000000
12877.500000 1.000000
12892.500000 1.000000
12907.500000 1.000000
12922.500000 1.000000
12937.500000 1.000000
12952.500000 1.000000
12967.500000 1.000000
12982.500000 1.000000
12997.500000 1.000000
13012.500000 1.000000
13027.500000 1.000000
13042.500000 1.000000
13057.500000 1.000000
13072.500000 1.000000
13087.500000 1.000000
13102.500000 1.000000
13117.500000 1.000000
13132.500000 1.000000
13147.500000 1.000000
13162.500000 1.000000
13177.500000 1.000000
13192.500000 1.000000
13207.500000 1.000000
13222.500000 1.000000
13237.500000 1.000000
13252.500000 1.000000
13267.500000 1.000000
13282.500000 1.000000
13297.500000 1.000000
13312.500000 1.000000
13327.500000 1.000000
13342.500000 1.000000
13357.500000 1.000000
13372.500000 1.000000
13387.500000 1.000000
13402.500000 1.000000
13417.500000 1.000000
13432.500000 1.000000
13447.500000 1.000000
13462.500000 1.000000
13477.500000 1.000000
13492.500000 1.000000
13507.500000 1.000000
13522.500000 1.000000
13537.500000 1.000000
13552.500000 1.000000
13567.500000 1.000000
13582.500000 1.000000
13597.500000 1.000000
13612.500000 1.000000
13627.500000 1.000000
13642.500000 1.000000
13657.500000 1.000000
13672.500000 1.000000
13687.500000 1.000000
13702.500000 1.000000
13717.500000 1.000000
13732.500000 1.000000
13747.500000 1.000000
13762.500000 1.000000
13777.500000 1.000000
13792.500000 1.000000
13807.500000 1.000000
13822.500000 1.000000
13837.500000 1.000000
13852.500000 1.000000
13867.500000 1.000000
13882.500000 1.000000
13897.500000 1.000000
13912.500000 1.000000
13927.500000 1.000000
13942.500000 1.000000
13957.500000 1.000000
13972.500000 1.000000
13987.500000 1.000000
14002.500000 1.000000
14017.500000 1.000000
14032.500000 1.000000
14047.500000 1.000000
14062.500000 1.000000
14077.500000 1.000000
14092.500000 1.000000
14107.500000 1.000000
14122.500000 1.000000
14137.500000 1.000000
14152.500000 1.000000
14167.500000 1.000000
14182.500000 1.000000
14197.500000 1.000000
14212.500000 1.000000
14227.500000 1.000000
14242.500000 1.000000
14257.500000 1.000000
14272.500000 1.000000
14287.500000 1.000000
14302.500000 1.000000
14317.500000 1.000000
14332.500000 1.000000
14347.500000 1.000000
14362.500000 1.000000
14377.500000 1.000000
14392.500000 1.000000
14407.500000 1.000000
14422.500000 1.000000
14437.500000 1.000000
14452.500000 1.000000
14467.500000 1.000000
14482.500000 1.000000
14497.500000 1.000000
14512.500000 1.000000
14527.500000 1.000000
14542.500000 1.000000
14557.500000 1.000000
14572.500000 1.000000
14587.500000 1.000000
14602.500000 1.000000
14617.500000 1.000000
14632.500000 1.000000
14647.500000 1.000000
14662.500000 1.000000
14677.500000 1.000000
14692.500000 1.000000
14707.500000 1.000000
14722.500000 1.000000
14737.500000 1.000000
14752.500000 1.000000
14767.500000 1.000000
14782.500000 1.000000
14797.500000 1.000000
14812.500000 1.000000
14827.500000 1.000000
14842.500000 1.000000
14857.500000 1.000000
14872.500000 1.000000
14887.500000 1.000000
14902.500000 1.000000
14917.500000 1.000000
14932.500000 1.000000
14947.500000 1.000000
14962.500000 1.000000
14977.500000 1.000000
14992.500000 1.000000
15007.500000 1.000000
15022.500000 1.000000
15037.500000 1.000000
15052.500000 1.000000
15067.500000 1.000000
15082.500000 1.000000
15097.500000 1.000000
15112.500000 1.000000
15127.500000 1.000000
15142.500000 1.000000
15157.500000 1.000000
15172.500000 1.000000
15187.500000 1.000000
15202.500000 1.000000
15217.500000 1.000000
15232.500000 1.000000
15247.500000 1.000000
15262.500000 1.000000
15277.500000 1.000000
15292.500000 1.000000
15307.500000 1.000000
15322.500000 1.000000
15337.500000 1.000000
15352.500000 1.000000
15367.500000 1.000000
15382.500000 1.000000
15397.500000 1.000000
15412.500000 1.000000
15427.500000 1.000000
15442.500000 1.000000
15457.500000 1.000000
15472.500000 1.000000
15487.500000 1.000000
15502.500000 1.000000
15517.500000 1.000000
15532.500000 1.000000
15547.500000 1.000000
15562.500000 1.000000
15577.500000 1.000000
15592.500000 1.000000
15607.500000 1.000000
15622.500000 1.000000
15637.500000 1.000000
15652.500000 1.000000
15667.500000 1.000000
15682.500000 1.000000
15697.500000 1.000000
15712.500000 1.000000
15727.500000 1.000000
15742.500000 1.000000
15757.500000 1.000000
15772.500000 1.000000
15787.500000 1.000000
15802.500000 1.000000
15817.500000 1.000000
15832.500000 1.000000
15847.500000 1.000000
15862.500000 1.000000
15877.500000 1.000000
15892.500000 1.000000
15907.500000 1.000000
15922.500000 1.000000
15937.500000 1.000000
15952.500000 1.000000
15967.500000 1.000000
15982.500000 1.000000
15997.500000 1.000000
16012.500000 1.000000
16027.500000 1.000000
16042.500000 1.000000
16057.500000 1.000000
16072.500000 1.000000
16087.500000 1.000000
16102.500000 1.000000
16117.500000 1.000000
16132.500000 1.000000
16147.500000 1.000000
16162.500000 1.000000
16177.500000 1.000000
16192.500000 1.000000
16207.500000 1.000000
16222.500000 1.000000
16237.500000 1.000000
16252.500000 1.000000
16267.500000 1.000000
16282.500000 1.000000
16297.500000 1.000000
16312.500000 1.000000
16327.500000 1.000000
16342.500000 1.000000
16357.500000 1.000000
16372.500000 1.000000
16387.500000 1.000000
16402.500000 1.000000
16417.500000 1.000000
16432.500000 1.000000
16447.500000 1.000000
16462.500000 1.000000
16477.500000 1.000000
16492.500000 1.000000
16507.500000 1.000000
16522.500000 1.000000
16537.500000 1.000000
16552.500000 1.000000
16567.500000 1.000000
16582.500000 1.000000
16597.500000 1.000000
16612.500000 1.000000
16627.500000 1.000000
16642.500000 1.000000
16657.500000 1.000000
16672.500000 1.000000
16687.500000 1.000000
16702.500000 1.000000
16717.500000 1.000000
16732.500000 1.000000
16747.500000 1.000000
16762.500000 1.000000
16777.500000 1.000000
16792.500000 1.000000
16807.500000 1.000000
16822.500000 1.000000
16837.500000 1.000000
16852.500000 1.000000
16867.500000 1.000000
16882.500000 1.000000
16897.500000 1.000000
16912.500000 1.000000
16927.500000 1.000000
16942.500000 1.000000
16957.500000 1.000000
16972.500000 1.000000
16987.500000 1.000000
17002.500000 1.000000
17017.500000 1.000000
17032.500000 1.000000
17047.500000 1.000000
17062.500000 1.000000
17077.500000 1.000000
17092.500000 1.000000
17107.500000 1.000000
17122.500000 1.000000
17137.500000 1.000000
17152.500000 1.000000
17167.500000 1.000000
17182.500000 1.000000
17197.500000 1.000000
17212.500000 1.000000
17227.500000 1.000000
17242.500000 1.000000
17257.500000 1.000000
17272.500000 1.000000
17287.500000 1.000000
17302.500000 1.000000
17317.500000 1.000000
17332.500000 1.000000
17347.500000 1.000000
17362.500000 1.000000
17377.500000 1.000000
17392.500000 1.000000
17407.500000 1.000000
17422.500000 1.000000
17437.500000 1.000000
17452.500000 1.000000
17467.500000 1.000000
17482.500000 1.000000
17497.500000 1.000000
17512.500000 1.000000
17527.500000 1.000000
17542.500000 1.000000
17557.500000 1.000000
17572.500000 1.000000
17587.500000 1.000000
17602.500000 1.000000
17617.500000 1.000000
17632.500000 1.000000
17647.500000 1.000000
17662.500000 1.000000
17677.500000 1.000000
17692.500000 1.000000
17707.500000 1.000000
17722.500000 1.000000
17737.500000 1.000000
17752.500000 1.000000
17767.500000 1.000000
17782.500000 1.000000
17797.500000 1.000000
17812.500000 1.000000
17827.500000 1.000000
17842.500000 1.000000
17857.500000 1.000000
17872.500000 1.000000
17887.500000 1.000000
17902.500000 1.000000
17917.500000 1.000000
17932.500000 1.000000
17947.500000 1.000000
17962.500000 1.000000
17977.500000 1.000000
17992.500000 1.000000
18007.500000 1.000000
18022.500000 1.000000
18037.500000 1.000000
18052.500000 1.000000
18067.500000 1.000000
18082.500000 1.000000
18097.500000 1.000000
18112.500000 1.000000
18127.500000 1.000000
18142.500000 1.000000
18157.500000 1.000000
18172.500000 1.000000
18187.500000 1.000000
18202.500000 1.000000
18217.500000 1.000000
18232.500000 1.000000
18247.500000 1.000000
18262.500000 1.000000
18277.500000 1.000000
18292.500000 1.000000
18307.500000 1.000000
18322.500000 1.000000
18337.500000 1.000000
18352.500000 1.000000
18367.500000 1.000000
18382.500000 1.000000
18397.500000 1.000000
18412.500000 1.000000
18427.500000 1.000000
18442.500000 1.000000
18457.500000 1.000000
18472.500000 1.000000
18487.500000 1.000000
18502.500000 1.000000
18517.500000 1.000000
18532.500000 1.000000
18547.500000 1.000000
18562.500000 1.000000
18577.500000 1.000000
18592.500000 1.000000
18607.500000 1.000000
18622.500000 1.000000
18637.500000 1.000000
18652.500000 1.000000
18667.500000 1.000000
18682.500000 1.000000
18697.500000 1.000000
18712.500000 1.000000
18727.500000 1.000000
18742.500000 1.000000
18757.500000 1.000000
18772.500000 1.000000
18787.500000 1.000000
18802.500000 1.000000
18817.500000 1.000000
18832.500000 1.000000
18847.500000 1.000000
18862.500000 1.000000
18877.500000 1.000000
18892.500000 1.000000
18907.500000 1.000000
18922.500000 1.000000
18937.500000 1.000000
18952.500000 1.000000
18967.500000 1.000000
18982.500000 1.000000
18997.500000 1.000000
19012.500000 1.000000
19027.500000 1.000000
19042.500000 1.000000
19057.500000 1.000000
19072.500000 1.000000
19087.500000 1.000000
19102.500000 1.000000
19117.500000 1.000000
19132.500000 1.000000
19147.500000 1.000000
19162.500000 1.000000
19177.500000 1.000000
19192.500000 1.000000
19207.500000 1.000000
19222.500000 1.000000
19237.500000 1.000000
19252.500000 1.000000
19267.500000 1.000000
19282.500000 1.000000
19297.500000 1.000000
19312.500000 1.000000
19327.500000 1.000000
19342.500000 1.000000
19357.500000 1.000000
19372.500000 1.000000
19387.500000 1.000000
19402.500000 1.000000
19417.500000 1.000000
19432.500000 1.000000
19447.500000 1.000000
19462.500000 1.000000
19477.500000 1.000000
19492.500000 1.000000
19507.500000 1.000000
19522.500000 1.000000
19537.500000 1.000000
19552.500000 1.000000
19567.500000 1.000000
19582.500000 1.000000
19597.500000 1.000000
19612.500000 1.000000
19627.500000 1.000000
19642.500000 1.000000
19657.500000 1.000000
19672.500000 1.000000
19687.500000 1.000000
19702.500000 1.000000
19717.500000 1.000000
19732.500000 1.000000
19747.500000 1.000000
19762.500000 1.000000
19777.500000 1.000000
19792.500000 1.000000
19807.500000 1.000000
19822.500000 1.000000
19837.500000 1.000000
19852.500000 1.000000
19867.500000 1.000000
19882.500000 1.000000
19897.500000 1.000000
19912.500000 1.000000
19927.500000 1.000000
19942.500000 1.000000
19957.500000 1.000000
19972.500000 1.000000
19987.500000 1.000000
20002.500000 1.000000
20017.500000 1.000000
20032.500000 1.000000
20047.500000 1.000000
20062.500000 1.000000
20077.500000 1.000000
20092.500000 1.000000
20107.500000 1.000000
20122.500000 1.000000
20137.500000 1.000000
20152.500000 1.000000
20167.500000 1.000000
20182.500000 1.000000
20197.500000 1.000000
20212.500000 1.000000
20227.500000 1.000000
20242.500000 1.000000
20257.500000 1.000000
20272.500000 1.000000
20287.500000 1.000000
20302.500000 1.000000
20317.500000 1.000000
20332.500000 1.000000
20347.500000 1.000000
20362.500000 1.000000
20377.500000 1.000000
20392.500000 1.000000
20407.500000 1.000000
20422.500000 1.000000
20437.500000 1.000000
20452.500000 1.000000
20467.500000 1.000000
20482.500000 1.000000
20497.500000 1.000000
20512.500000 1.000000
20527.500000 1.000000
20542.500000 1.000000
20557.500000 1.000000
20572.500000 1.000000
20587.500000 1.000000
20602.500000 1.000000
20617.500000 1.000000
20632.500000 1.000000
20647.500000 1.000000
20662.500000 1.000000
20677.500000 1.000000
20692.500000 1.000000
20707.500000 1.000000
20722.500000 1.000000
20737.500000 1.000000
20752.500000 1.000000
20767.500000 1.000000
20782.500000 1.000000
20797.500000 1.000000
20812.500000 1.000000
20827.500000 1.000000
20842.500000 1.000000
20857.500000 1.000000
20872.500000 1.000000
20887.500000 1.000000
20902.500000 1.000000
20917.500000 1.000000
20932.500000 1.000000
20947.500000 1.000000
20962.500000 1.000000
20977.500000 1.000000
20992.500000 1.000000
21007.500000 1.000000
21022.500000 1.000000
21037.500000 1.000000
21052.500000 1.000000
21067.500000 1.000000
21082.500000 1.000000
21097.500000 1.000000
21112.500000 1.000000
21127.500000 1.000000
21142.500000 1.000000
21157.500000 1.000000
21172.500000 1.000000
21187.500000 1.000000
21202.500000 1.000000
21217.500000 1.000000
21232.500000 1.000000
21247.500000 1.000000
21262.500000 1.000000
21277.500000 1.000000
21292.500000 1.000000
21307.500000 1.000000
21322.500000 1.000000
21337.500000 1.000000
21352.500000 1.000000
21367.500000 1.000000
21382.500000 1.000000
21397.500000 1.000000
21412.500000 1.000000
21427.500000 1.000000
21442.500000 1.000000
21457.500000 1.000000
21472.500000 1.000000
21487.500000 1.000000
21502.500000 1.000000
21517.500000 1.000000
21532.500000 1.000000
21547.500000 1.000000
21562.500000 1.000000
21577.500000 1.000000
21592.500000 1.000000
21607.500000 1.000000
21622.500000 1.000000
21637.500000 1.000000
21652.500000 1.000000
21667.500000 1.000000
21682.500000 1.000000
21697.500000 1.000000
21712.500000 1.000000
21727.500000 1.000000
21742.500000 1.000000
21757.500000 1.000000
21772.500000 1.000000
21787.500000 1.000000
21802.500000 1.000000
21817.500000 1.000000
21832.500000 1.000000
21847.500000 1.000000
21862.500000 1.000000
21877.500000 1.000000
21892.500000 1.000000
21907.500000 1.000000
21922.500000 1.000000
21937.500000 1.000000
21952.500000 1.000000
21967.500000 1.000000
21982.500000 1.000000
21997.500000 1.000000
22012.500000 1.000000
22027.500000 1.000000
22042.500000 1.000000
22057.500000 1.000000
22072.500000 1.000000
22087.500000 1.000000
22102.500000 1.000000
22117.500000 1.000000
22132.500000 1.000000
22147.500000 1.000000
22162.500000 1.000000
22177.500000 1.000000
22192.500000 1.000000
22207.500000 1.000000
22222.500000 1.000000
22237.500000 1.000000
22252.500000 1.000000
22267.500000 1.000000
22282.500000 1.000000
22297.500000 1.000000
22312.500000 1.000000
22327.500000 1.000000
22342.500000 1.000000
22357.500000 1.000000
22372.500000 1.000000
22387.500000 1.000000
22402.500000 1.000000
22417.500000 1.000000
22432.500000 1.000000
22447.500000 1.000000
22462.500000 1.000000
22477.500000 1.000000
22492.500000 1.000000
22507.500000 1.000000
22522.500000 1.000000
22537.500000 1.000000
22552.500000 1.000000
22567.500000 1.000000
22582.500000 1.000000
22597.500000 1.000000
22612.500000 1.000000
22627.500000 1.000000
22642.500000 1.000000
22657.500000 1.000000
22672.500000 1.000000
22687.500000 1.000000
22702.500000 1.000000
22717.500000 1.000000
22732.500000 1.000000
22747.500000 1.000000
22762.500000 1.000000
22777.500000 1.000000
22792.500000 1.000000
22807.500000 1.000000
22822.500000 1.000000
22837.500000 1.000000
22852.500000 1.000000
22867.500000 1.000000
22882.500000 1.000000
22897.500000 1.000000
22912.500000 1.000000
22927.500000 1.000000
22942.500000 1.000000
22957.500000 1.000000
22972.500000 1.000000
22987.500000 1.000000
23002.500000 1.000000
23017.500000 1.000000
23032.500000 1.000000
23047.500000 1.000000
23062.500000 1.000000
23077.500000 1.000000
23092.500000 1.000000
23107.500000 1.000000
23122.500000 1.000000
23137.500000 1.000000
23152.500000 1.000000
23167.500000 1.000000
23182.500000 1.000000
23197.500000 1.000000
23212.500000 1.000000
23227.500000 1.000000
23242.500000 1.000000
23257.500000 1.000000
23272.500000 1.000000
23287.500000 1.000000
23302.500000 1.000000
23317.500000 1.000000
23332.500000 1.000000
23347.500000 1.000000
23362.500000 1.000000
23377.500000 1.000000
23392.500000 1.000000
23407.500000 1.000000
23422.500000 1.000000
23437.500000 1.000000
23452.500000 1.000000
23467.500000 1.000000
23482.500000 1.000000
23497.500000 1.000000
23512.500000 1.000000
23527.500000 1.000000
23542.500000 1.000000
23557.500000 1.000000
23572.500000 1.000000
23587.500000 1.000000
23602.500000 1.000000
23617.500000 1.000000
23632.500000 1.000000
23647.500000 1.000000
23662.500000 1.000000
23677.500000 1.000000
23692.500000 1.000000
23707.500000 1.000000
23722.500000 1.000000
23737.500000 1.000000
23752.500000 1.000000
23767.500000 1.000000
23782.500000 1.000000
23797.500000 1.000000
23812.500000 1.000000
23827.500000 1.000000
23842.500000 1.000000
23857.500000 1.000000
23872.500000 1.000000
23887.500000 1.000000
23902.500000 1.000000
23917.500000 1.000000
23932.500000 1.000000
23947.500000 1.000000
23962.500000 1.000000
23977.500000 1.000000
