range (m) overlap_factor (smoothed by 4 range bins)
-86.250000 -0.000000
-78.750000 -0.000000
-71.250000 -0.000000
-63.750000 -0.000000
-56.250000 -0.000000
-48.750000 -0.000000
-41.250000 -0.000000
-33.750000 -0.000000
-26.250000 -0.000000
-18.750000 0.000010
-11.250000 0.000011
-3.750000 0.000011
3.750000 0.000004
11.250000 0.000012
18.750000 0.000026
26.250000 0.000058
33.750000 0.000111
41.250000 0.000195
48.750000 0.000297
56.250000 0.000414
63.750000 0.000545
71.250000 0.000698
78.750000 0.000872
86.250000 0.001073
93.750000 0.001303
101.250000 0.001576
108.750000 0.001907
116.250000 0.002327
123.750000 0.002817
131.250000 0.003363
138.750000 0.003945
146.250000 0.004586
153.750000 0.005331
161.250000 0.006195
168.750000 0.007302
176.250000 0.008759
183.750000 0.010682
191.250000 0.013160
198.750000 0.016202
206.250000 0.019820
213.750000 0.023970
221.250000 0.028659
228.750000 0.033994
236.250000 0.039987
243.750000 0.046731
251.250000 0.054052
258.750000 0.062067
266.250000 0.070599
273.750000 0.079607
281.250000 0.088919
288.750000 0.098443
296.250000 0.108283
303.750000 0.118300
311.250000 0.128355
318.750000 0.138231
326.250000 0.148091
333.750000 0.158053
341.250000 0.168034
348.750000 0.178162
356.250000 0.188266
363.750000 0.198514
371.250000 0.208740
378.750000 0.219090
386.250000 0.229526
393.750000 0.239803
401.250000 0.250254
408.750000 0.260807
416.250000 0.271689
423.750000 0.282404
431.250000 0.293017
438.750000 0.303633
446.250000 0.314365
453.750000 0.325059
461.250000 0.335766
468.750000 0.346629
476.250000 0.357500
483.750000 0.368605
491.250000 0.379379
498.750000 0.390393
506.250000 0.401528
513.750000 0.412773
521.250000 0.424693
528.750000 0.436136
536.250000 0.447664
543.750000 0.458529
551.250000 0.470110
558.750000 0.481613
566.250000 0.493185
573.750000 0.503981
581.250000 0.514668
588.750000 0.525862
596.250000 0.536643
603.750000 0.547354
611.250000 0.557765
618.750000 0.568546
626.250000 0.579773
633.750000 0.589785
641.250000 0.599529
648.750000 0.609649
656.250000 0.619568
663.750000 0.629294
671.250000 0.638153
678.750000 0.647698
686.250000 0.657454
693.750000 0.667074
701.250000 0.676450
708.750000 0.685955
716.250000 0.695037
723.750000 0.704143
731.250000 0.712878
738.750000 0.721373
746.250000 0.729653
753.750000 0.737087
761.250000 0.745014
768.750000 0.752346
776.250000 0.760159
783.750000 0.767509
791.250000 0.775758
798.750000 0.782967
806.250000 0.790602
813.750000 0.797897
821.250000 0.804362
828.750000 0.811133
836.250000 0.816835
843.750000 0.824760
851.250000 0.830421
858.750000 0.837217
866.250000 0.842812
873.750000 0.848781
881.250000 0.853451
888.750000 0.858474
896.250000 0.863111
903.750000 0.868975
911.250000 0.873787
918.750000 0.880341
926.250000 0.885066
933.750000 0.890910
941.250000 0.894662
948.750000 0.899296
956.250000 0.902569
963.750000 0.906684
971.250000 0.909131
978.750000 0.912650
986.250000 0.916799
993.750000 0.920415
1001.250000 0.923265
1008.750000 0.924779
1016.250000 0.928299
1023.750000 0.929748
1031.250000 0.932119
1038.750000 0.933127
1046.250000 0.936557
1053.750000 0.938665
1061.250000 0.943466
1068.750000 0.946817
1076.250000 0.950639
1083.750000 0.952348
1091.250000 0.956425
1098.750000 0.958321
1106.250000 0.961811
1113.750000 0.962260
1121.250000 0.966204
1128.750000 0.968375
1136.250000 0.971256
1143.750000 0.973304
1151.250000 0.974818
1158.750000 0.979307
1166.250000 0.981827
1173.750000 0.984566
1181.250000 0.984794
1188.750000 0.985855
1196.250000 0.988162
1203.750000 1.000000
1211.250000 1.000000
1218.750000 1.000000
1226.250000 1.000000
1233.750000 1.000000
1241.250000 1.000000
1248.750000 1.000000
1256.250000 1.000000
1263.750000 1.000000
1271.250000 1.000000
1278.750000 1.000000
1286.250000 1.000000
1293.750000 1.000000
1301.250000 1.000000
1308.750000 1.000000
1316.250000 1.000000
1323.750000 1.000000
1331.250000 1.000000
1338.750000 1.000000
1346.250000 1.000000
1353.750000 1.000000
1361.250000 1.000000
1368.750000 1.000000
1376.250000 1.000000
1383.750000 1.000000
1391.250000 1.000000
1398.750000 1.000000
1406.250000 1.000000
1413.750000 1.000000
1421.250000 1.000000
1428.750000 1.000000
1436.250000 1.000000
1443.750000 1.000000
1451.250000 1.000000
1458.750000 1.000000
1466.250000 1.000000
1473.750000 1.000000
1481.250000 1.000000
1488.750000 1.000000
1496.250000 1.000000
1503.750000 1.000000
1511.250000 1.000000
1518.750000 1.000000
1526.250000 1.000000
1533.750000 1.000000
1541.250000 1.000000
1548.750000 1.000000
1556.250000 1.000000
1563.750000 1.000000
1571.250000 1.000000
1578.750000 1.000000
1586.250000 1.000000
1593.750000 1.000000
1601.250000 1.000000
1608.750000 1.000000
1616.250000 1.000000
1623.750000 1.000000
1631.250000 1.000000
1638.750000 1.000000
1646.250000 1.000000
1653.750000 1.000000
1661.250000 1.000000
1668.750000 1.000000
1676.250000 1.000000
1683.750000 1.000000
1691.250000 1.000000
1698.750000 1.000000
1706.250000 1.000000
1713.750000 1.000000
1721.250000 1.000000
1728.750000 1.000000
1736.250000 1.000000
1743.750000 1.000000
1751.250000 1.000000
1758.750000 1.000000
1766.250000 1.000000
1773.750000 1.000000
1781.250000 1.000000
1788.750000 1.000000
1796.250000 1.000000
1803.750000 1.000000
1811.250000 1.000000
1818.750000 1.000000
1826.250000 1.000000
1833.750000 1.000000
1841.250000 1.000000
1848.750000 1.000000
1856.250000 1.000000
1863.750000 1.000000
1871.250000 1.000000
1878.750000 1.000000
1886.250000 1.000000
1893.750000 1.000000
1901.250000 1.000000
1908.750000 1.000000
1916.250000 1.000000
1923.750000 1.000000
1931.250000 1.000000
1938.750000 1.000000
1946.250000 1.000000
1953.750000 1.000000
1961.250000 1.000000
1968.750000 1.000000
1976.250000 1.000000
1983.750000 1.000000
1991.250000 1.000000
1998.750000 1.000000
2006.250000 1.000000
2013.750000 1.000000
2021.250000 1.000000
2028.750000 1.000000
2036.250000 1.000000
2043.750000 1.000000
2051.250000 1.000000
2058.750000 1.000000
2066.250000 1.000000
2073.750000 1.000000
2081.250000 1.000000
2088.750000 1.000000
2096.250000 1.000000
2103.750000 1.000000
2111.250000 1.000000
2118.750000 1.000000
2126.250000 1.000000
2133.750000 1.000000
2141.250000 1.000000
2148.750000 1.000000
2156.250000 1.000000
2163.750000 1.000000
2171.250000 1.000000
2178.750000 1.000000
2186.250000 1.000000
2193.750000 1.000000
2201.250000 1.000000
2208.750000 1.000000
2216.250000 1.000000
2223.750000 1.000000
2231.250000 1.000000
2238.750000 1.000000
2246.250000 1.000000
2253.750000 1.000000
2261.250000 1.000000
2268.750000 1.000000
2276.250000 1.000000
2283.750000 1.000000
2291.250000 1.000000
2298.750000 1.000000
2306.250000 1.000000
2313.750000 1.000000
2321.250000 1.000000
2328.750000 1.000000
2336.250000 1.000000
2343.750000 1.000000
2351.250000 1.000000
2358.750000 1.000000
2366.250000 1.000000
2373.750000 1.000000
2381.250000 1.000000
2388.750000 1.000000
2396.250000 1.000000
2403.750000 1.000000
2411.250000 1.000000
2418.750000 1.000000
2426.250000 1.000000
2433.750000 1.000000
2441.250000 1.000000
2448.750000 1.000000
2456.250000 1.000000
2463.750000 1.000000
2471.250000 1.000000
2478.750000 1.000000
2486.250000 1.000000
2493.750000 1.000000
2501.250000 1.000000
2508.750000 1.000000
2516.250000 1.000000
2523.750000 1.000000
2531.250000 1.000000
2538.750000 1.000000
2546.250000 1.000000
2553.750000 1.000000
2561.250000 1.000000
2568.750000 1.000000
2576.250000 1.000000
2583.750000 1.000000
2591.250000 1.000000
2598.750000 1.000000
2606.250000 1.000000
2613.750000 1.000000
2621.250000 1.000000
2628.750000 1.000000
2636.250000 1.000000
2643.750000 1.000000
2651.250000 1.000000
2658.750000 1.000000
2666.250000 1.000000
2673.750000 1.000000
2681.250000 1.000000
2688.750000 1.000000
2696.250000 1.000000
2703.750000 1.000000
2711.250000 1.000000
2718.750000 1.000000
2726.250000 1.000000
2733.750000 1.000000
2741.250000 1.000000
2748.750000 1.000000
2756.250000 1.000000
2763.750000 1.000000
2771.250000 1.000000
2778.750000 1.000000
2786.250000 1.000000
2793.750000 1.000000
2801.250000 1.000000
2808.750000 1.000000
2816.250000 1.000000
2823.750000 1.000000
2831.250000 1.000000
2838.750000 1.000000
2846.250000 1.000000
2853.750000 1.000000
2861.250000 1.000000
2868.750000 1.000000
2876.250000 1.000000
2883.750000 1.000000
2891.250000 1.000000
2898.750000 1.000000
2906.250000 1.000000
2913.750000 1.000000
2921.250000 1.000000
2928.750000 1.000000
2936.250000 1.000000
2943.750000 1.000000
2951.250000 1.000000
2958.750000 1.000000
2966.250000 1.000000
2973.750000 1.000000
2981.250000 1.000000
2988.750000 1.000000
2996.250000 1.000000
3003.750000 1.000000
3011.250000 1.000000
3018.750000 1.000000
3026.250000 1.000000
3033.750000 1.000000
3041.250000 1.000000
3048.750000 1.000000
3056.250000 1.000000
3063.750000 1.000000
3071.250000 1.000000
3078.750000 1.000000
3086.250000 1.000000
3093.750000 1.000000
3101.250000 1.000000
3108.750000 1.000000
3116.250000 1.000000
3123.750000 1.000000
3131.250000 1.000000
3138.750000 1.000000
3146.250000 1.000000
3153.750000 1.000000
3161.250000 1.000000
3168.750000 1.000000
3176.250000 1.000000
3183.750000 1.000000
3191.250000 1.000000
3198.750000 1.000000
3206.250000 1.000000
3213.750000 1.000000
3221.250000 1.000000
3228.750000 1.000000
3236.250000 1.000000
3243.750000 1.000000
3251.250000 1.000000
3258.750000 1.000000
3266.250000 1.000000
3273.750000 1.000000
3281.250000 1.000000
3288.750000 1.000000
3296.250000 1.000000
3303.750000 1.000000
3311.250000 1.000000
3318.750000 1.000000
3326.250000 1.000000
3333.750000 1.000000
3341.250000 1.000000
3348.750000 1.000000
3356.250000 1.000000
3363.750000 1.000000
3371.250000 1.000000
3378.750000 1.000000
3386.250000 1.000000
3393.750000 1.000000
3401.250000 1.000000
3408.750000 1.000000
3416.250000 1.000000
3423.750000 1.000000
3431.250000 1.000000
3438.750000 1.000000
3446.250000 1.000000
3453.750000 1.000000
3461.250000 1.000000
3468.750000 1.000000
3476.250000 1.000000
3483.750000 1.000000
3491.250000 1.000000
3498.750000 1.000000
3506.250000 1.000000
3513.750000 1.000000
3521.250000 1.000000
3528.750000 1.000000
3536.250000 1.000000
3543.750000 1.000000
3551.250000 1.000000
3558.750000 1.000000
3566.250000 1.000000
3573.750000 1.000000
3581.250000 1.000000
3588.750000 1.000000
3596.250000 1.000000
3603.750000 1.000000
3611.250000 1.000000
3618.750000 1.000000
3626.250000 1.000000
3633.750000 1.000000
3641.250000 1.000000
3648.750000 1.000000
3656.250000 1.000000
3663.750000 1.000000
3671.250000 1.000000
3678.750000 1.000000
3686.250000 1.000000
3693.750000 1.000000
3701.250000 1.000000
3708.750000 1.000000
3716.250000 1.000000
3723.750000 1.000000
3731.250000 1.000000
3738.750000 1.000000
3746.250000 1.000000
3753.750000 1.000000
3761.250000 1.000000
3768.750000 1.000000
3776.250000 1.000000
3783.750000 1.000000
3791.250000 1.000000
3798.750000 1.000000
3806.250000 1.000000
3813.750000 1.000000
3821.250000 1.000000
3828.750000 1.000000
3836.250000 1.000000
3843.750000 1.000000
3851.250000 1.000000
3858.750000 1.000000
3866.250000 1.000000
3873.750000 1.000000
3881.250000 1.000000
3888.750000 1.000000
3896.250000 1.000000
3903.750000 1.000000
3911.250000 1.000000
3918.750000 1.000000
3926.250000 1.000000
3933.750000 1.000000
3941.250000 1.000000
3948.750000 1.000000
3956.250000 1.000000
3963.750000 1.000000
3971.250000 1.000000
3978.750000 1.000000
3986.250000 1.000000
3993.750000 1.000000
4001.250000 1.000000
4008.750000 1.000000
4016.250000 1.000000
4023.750000 1.000000
4031.250000 1.000000
4038.750000 1.000000
4046.250000 1.000000
4053.750000 1.000000
4061.250000 1.000000
4068.750000 1.000000
4076.250000 1.000000
4083.750000 1.000000
4091.250000 1.000000
4098.750000 1.000000
4106.250000 1.000000
4113.750000 1.000000
4121.250000 1.000000
4128.750000 1.000000
4136.250000 1.000000
4143.750000 1.000000
4151.250000 1.000000
4158.750000 1.000000
4166.250000 1.000000
4173.750000 1.000000
4181.250000 1.000000
4188.750000 1.000000
4196.250000 1.000000
4203.750000 1.000000
4211.250000 1.000000
4218.750000 1.000000
4226.250000 1.000000
4233.750000 1.000000
4241.250000 1.000000
4248.750000 1.000000
4256.250000 1.000000
4263.750000 1.000000
4271.250000 1.000000
4278.750000 1.000000
4286.250000 1.000000
4293.750000 1.000000
4301.250000 1.000000
4308.750000 1.000000
4316.250000 1.000000
4323.750000 1.000000
4331.250000 1.000000
4338.750000 1.000000
4346.250000 1.000000
4353.750000 1.000000
4361.250000 1.000000
4368.750000 1.000000
4376.250000 1.000000
4383.750000 1.000000
4391.250000 1.000000
4398.750000 1.000000
4406.250000 1.000000
4413.750000 1.000000
4421.250000 1.000000
4428.750000 1.000000
4436.250000 1.000000
4443.750000 1.000000
4451.250000 1.000000
4458.750000 1.000000
4466.250000 1.000000
4473.750000 1.000000
4481.250000 1.000000
4488.750000 1.000000
4496.250000 1.000000
4503.750000 1.000000
4511.250000 1.000000
4518.750000 1.000000
4526.250000 1.000000
4533.750000 1.000000
4541.250000 1.000000
4548.750000 1.000000
4556.250000 1.000000
4563.750000 1.000000
4571.250000 1.000000
4578.750000 1.000000
4586.250000 1.000000
4593.750000 1.000000
4601.250000 1.000000
4608.750000 1.000000
4616.250000 1.000000
4623.750000 1.000000
4631.250000 1.000000
4638.750000 1.000000
4646.250000 1.000000
4653.750000 1.000000
4661.250000 1.000000
4668.750000 1.000000
4676.250000 1.000000
4683.750000 1.000000
4691.250000 1.000000
4698.750000 1.000000
4706.250000 1.000000
4713.750000 1.000000
4721.250000 1.000000
4728.750000 1.000000
4736.250000 1.000000
4743.750000 1.000000
4751.250000 1.000000
4758.750000 1.000000
4766.250000 1.000000
4773.750000 1.000000
4781.250000 1.000000
4788.750000 1.000000
4796.250000 1.000000
4803.750000 1.000000
4811.250000 1.000000
4818.750000 1.000000
4826.250000 1.000000
4833.750000 1.000000
4841.250000 1.000000
4848.750000 1.000000
4856.250000 1.000000
4863.750000 1.000000
4871.250000 1.000000
4878.750000 1.000000
4886.250000 1.000000
4893.750000 1.000000
4901.250000 1.000000
4908.750000 1.000000
4916.250000 1.000000
4923.750000 1.000000
4931.250000 1.000000
4938.750000 1.000000
4946.250000 1.000000
4953.750000 1.000000
4961.250000 1.000000
4968.750000 1.000000
4976.250000 1.000000
4983.750000 1.000000
4991.250000 1.000000
4998.750000 1.000000
5006.250000 1.000000
5013.750000 1.000000
5021.250000 1.000000
5028.750000 1.000000
5036.250000 1.000000
5043.750000 1.000000
5051.250000 1.000000
5058.750000 1.000000
5066.250000 1.000000
5073.750000 1.000000
5081.250000 1.000000
5088.750000 1.000000
5096.250000 1.000000
5103.750000 1.000000
5111.250000 1.000000
5118.750000 1.000000
5126.250000 1.000000
5133.750000 1.000000
5141.250000 1.000000
5148.750000 1.000000
5156.250000 1.000000
5163.750000 1.000000
5171.250000 1.000000
5178.750000 1.000000
5186.250000 1.000000
5193.750000 1.000000
5201.250000 1.000000
5208.750000 1.000000
5216.250000 1.000000
5223.750000 1.000000
5231.250000 1.000000
5238.750000 1.000000
5246.250000 1.000000
5253.750000 1.000000
5261.250000 1.000000
5268.750000 1.000000
5276.250000 1.000000
5283.750000 1.000000
5291.250000 1.000000
5298.750000 1.000000
5306.250000 1.000000
5313.750000 1.000000
5321.250000 1.000000
5328.750000 1.000000
5336.250000 1.000000
5343.750000 1.000000
5351.250000 1.000000
5358.750000 1.000000
5366.250000 1.000000
5373.750000 1.000000
5381.250000 1.000000
5388.750000 1.000000
5396.250000 1.000000
5403.750000 1.000000
5411.250000 1.000000
5418.750000 1.000000
5426.250000 1.000000
5433.750000 1.000000
5441.250000 1.000000
5448.750000 1.000000
5456.250000 1.000000
5463.750000 1.000000
5471.250000 1.000000
5478.750000 1.000000
5486.250000 1.000000
5493.750000 1.000000
5501.250000 1.000000
5508.750000 1.000000
5516.250000 1.000000
5523.750000 1.000000
5531.250000 1.000000
5538.750000 1.000000
5546.250000 1.000000
5553.750000 1.000000
5561.250000 1.000000
5568.750000 1.000000
5576.250000 1.000000
5583.750000 1.000000
5591.250000 1.000000
5598.750000 1.000000
5606.250000 1.000000
5613.750000 1.000000
5621.250000 1.000000
5628.750000 1.000000
5636.250000 1.000000
5643.750000 1.000000
5651.250000 1.000000
5658.750000 1.000000
5666.250000 1.000000
5673.750000 1.000000
5681.250000 1.000000
5688.750000 1.000000
5696.250000 1.000000
5703.750000 1.000000
5711.250000 1.000000
5718.750000 1.000000
5726.250000 1.000000
5733.750000 1.000000
5741.250000 1.000000
5748.750000 1.000000
5756.250000 1.000000
5763.750000 1.000000
5771.250000 1.000000
5778.750000 1.000000
5786.250000 1.000000
5793.750000 1.000000
5801.250000 1.000000
5808.750000 1.000000
5816.250000 1.000000
5823.750000 1.000000
5831.250000 1.000000
5838.750000 1.000000
5846.250000 1.000000
5853.750000 1.000000
5861.250000 1.000000
5868.750000 1.000000
5876.250000 1.000000
5883.750000 1.000000
5891.250000 1.000000
5898.750000 1.000000
5906.250000 1.000000
5913.750000 1.000000
5921.250000 1.000000
5928.750000 1.000000
5936.250000 1.000000
5943.750000 1.000000
5951.250000 1.000000
5958.750000 1.000000
5966.250000 1.000000
5973.750000 1.000000
5981.250000 1.000000
5988.750000 1.000000
5996.250000 1.000000
6003.750000 1.000000
6011.250000 1.000000
6018.750000 1.000000
6026.250000 1.000000
6033.750000 1.000000
6041.250000 1.000000
6048.750000 1.000000
6056.250000 1.000000
6063.750000 1.000000
6071.250000 1.000000
6078.750000 1.000000
6086.250000 1.000000
6093.750000 1.000000
6101.250000 1.000000
6108.750000 1.000000
6116.250000 1.000000
6123.750000 1.000000
6131.250000 1.000000
6138.750000 1.000000
6146.250000 1.000000
6153.750000 1.000000
6161.250000 1.000000
6168.750000 1.000000
6176.250000 1.000000
6183.750000 1.000000
6191.250000 1.000000
6198.750000 1.000000
6206.250000 1.000000
6213.750000 1.000000
6221.250000 1.000000
6228.750000 1.000000
6236.250000 1.000000
6243.750000 1.000000
6251.250000 1.000000
6258.750000 1.000000
6266.250000 1.000000
6273.750000 1.000000
6281.250000 1.000000
6288.750000 1.000000
6296.250000 1.000000
6303.750000 1.000000
6311.250000 1.000000
6318.750000 1.000000
6326.250000 1.000000
6333.750000 1.000000
6341.250000 1.000000
6348.750000 1.000000
6356.250000 1.000000
6363.750000 1.000000
6371.250000 1.000000
6378.750000 1.000000
6386.250000 1.000000
6393.750000 1.000000
6401.250000 1.000000
6408.750000 1.000000
6416.250000 1.000000
6423.750000 1.000000
6431.250000 1.000000
6438.750000 1.000000
6446.250000 1.000000
6453.750000 1.000000
6461.250000 1.000000
6468.750000 1.000000
6476.250000 1.000000
6483.750000 1.000000
6491.250000 1.000000
6498.750000 1.000000
6506.250000 1.000000
6513.750000 1.000000
6521.250000 1.000000
6528.750000 1.000000
6536.250000 1.000000
6543.750000 1.000000
6551.250000 1.000000
6558.750000 1.000000
6566.250000 1.000000
6573.750000 1.000000
6581.250000 1.000000
6588.750000 1.000000
6596.250000 1.000000
6603.750000 1.000000
6611.250000 1.000000
6618.750000 1.000000
6626.250000 1.000000
6633.750000 1.000000
6641.250000 1.000000
6648.750000 1.000000
6656.250000 1.000000
6663.750000 1.000000
6671.250000 1.000000
6678.750000 1.000000
6686.250000 1.000000
6693.750000 1.000000
6701.250000 1.000000
6708.750000 1.000000
6716.250000 1.000000
6723.750000 1.000000
6731.250000 1.000000
6738.750000 1.000000
6746.250000 1.000000
6753.750000 1.000000
6761.250000 1.000000
6768.750000 1.000000
6776.250000 1.000000
6783.750000 1.000000
6791.250000 1.000000
6798.750000 1.000000
6806.250000 1.000000
6813.750000 1.000000
6821.250000 1.000000
6828.750000 1.000000
6836.250000 1.000000
6843.750000 1.000000
6851.250000 1.000000
6858.750000 1.000000
6866.250000 1.000000
6873.750000 1.000000
6881.250000 1.000000
6888.750000 1.000000
6896.250000 1.000000
6903.750000 1.000000
6911.250000 1.000000
6918.750000 1.000000
6926.250000 1.000000
6933.750000 1.000000
6941.250000 1.000000
6948.750000 1.000000
6956.250000 1.000000
6963.750000 1.000000
6971.250000 1.000000
6978.750000 1.000000
6986.250000 1.000000
6993.750000 1.000000
7001.250000 1.000000
7008.750000 1.000000
7016.250000 1.000000
7023.750000 1.000000
7031.250000 1.000000
7038.750000 1.000000
7046.250000 1.000000
7053.750000 1.000000
7061.250000 1.000000
7068.750000 1.000000
7076.250000 1.000000
7083.750000 1.000000
7091.250000 1.000000
7098.750000 1.000000
7106.250000 1.000000
7113.750000 1.000000
7121.250000 1.000000
7128.750000 1.000000
7136.250000 1.000000
7143.750000 1.000000
7151.250000 1.000000
7158.750000 1.000000
7166.250000 1.000000
7173.750000 1.000000
7181.250000 1.000000
7188.750000 1.000000
7196.250000 1.000000
7203.750000 1.000000
7211.250000 1.000000
7218.750000 1.000000
7226.250000 1.000000
7233.750000 1.000000
7241.250000 1.000000
7248.750000 1.000000
7256.250000 1.000000
7263.750000 1.000000
7271.250000 1.000000
7278.750000 1.000000
7286.250000 1.000000
7293.750000 1.000000
7301.250000 1.000000
7308.750000 1.000000
7316.250000 1.000000
7323.750000 1.000000
7331.250000 1.000000
7338.750000 1.000000
7346.250000 1.000000
7353.750000 1.000000
7361.250000 1.000000
7368.750000 1.000000
7376.250000 1.000000
7383.750000 1.000000
7391.250000 1.000000
7398.750000 1.000000
7406.250000 1.000000
7413.750000 1.000000
7421.250000 1.000000
7428.750000 1.000000
7436.250000 1.000000
7443.750000 1.000000
7451.250000 1.000000
7458.750000 1.000000
7466.250000 1.000000
7473.750000 1.000000
7481.250000 1.000000
7488.750000 1.000000
7496.250000 1.000000
7503.750000 1.000000
7511.250000 1.000000
7518.750000 1.000000
7526.250000 1.000000
7533.750000 1.000000
7541.250000 1.000000
7548.750000 1.000000
7556.250000 1.000000
7563.750000 1.000000
7571.250000 1.000000
7578.750000 1.000000
7586.250000 1.000000
7593.750000 1.000000
7601.250000 1.000000
7608.750000 1.000000
7616.250000 1.000000
7623.750000 1.000000
7631.250000 1.000000
7638.750000 1.000000
7646.250000 1.000000
7653.750000 1.000000
7661.250000 1.000000
7668.750000 1.000000
7676.250000 1.000000
7683.750000 1.000000
7691.250000 1.000000
7698.750000 1.000000
7706.250000 1.000000
7713.750000 1.000000
7721.250000 1.000000
7728.750000 1.000000
7736.250000 1.000000
7743.750000 1.000000
7751.250000 1.000000
7758.750000 1.000000
7766.250000 1.000000
7773.750000 1.000000
7781.250000 1.000000
7788.750000 1.000000
7796.250000 1.000000
7803.750000 1.000000
7811.250000 1.000000
7818.750000 1.000000
7826.250000 1.000000
7833.750000 1.000000
7841.250000 1.000000
7848.750000 1.000000
7856.250000 1.000000
7863.750000 1.000000
7871.250000 1.000000
7878.750000 1.000000
7886.250000 1.000000
7893.750000 1.000000
7901.250000 1.000000
7908.750000 1.000000
7916.250000 1.000000
7923.750000 1.000000
7931.250000 1.000000
7938.750000 1.000000
7946.250000 1.000000
7953.750000 1.000000
7961.250000 1.000000
7968.750000 1.000000
7976.250000 1.000000
7983.750000 1.000000
7991.250000 1.000000
7998.750000 1.000000
8006.250000 1.000000
8013.750000 1.000000
8021.250000 1.000000
8028.750000 1.000000
8036.250000 1.000000
8043.750000 1.000000
8051.250000 1.000000
8058.750000 1.000000
8066.250000 1.000000
8073.750000 1.000000
8081.250000 1.000000
8088.750000 1.000000
8096.250000 1.000000
8103.750000 1.000000
8111.250000 1.000000
8118.750000 1.000000
8126.250000 1.000000
8133.750000 1.000000
8141.250000 1.000000
8148.750000 1.000000
8156.250000 1.000000
8163.750000 1.000000
8171.250000 1.000000
8178.750000 1.000000
8186.250000 1.000000
8193.750000 1.000000
8201.250000 1.000000
8208.750000 1.000000
8216.250000 1.000000
8223.750000 1.000000
8231.250000 1.000000
8238.750000 1.000000
8246.250000 1.000000
8253.750000 1.000000
8261.250000 1.000000
8268.750000 1.000000
8276.250000 1.000000
8283.750000 1.000000
8291.250000 1.000000
8298.750000 1.000000
8306.250000 1.000000
8313.750000 1.000000
8321.250000 1.000000
8328.750000 1.000000
8336.250000 1.000000
8343.750000 1.000000
8351.250000 1.000000
8358.750000 1.000000
8366.250000 1.000000
8373.750000 1.000000
8381.250000 1.000000
8388.750000 1.000000
8396.250000 1.000000
8403.750000 1.000000
8411.250000 1.000000
8418.750000 1.000000
8426.250000 1.000000
8433.750000 1.000000
8441.250000 1.000000
8448.750000 1.000000
8456.250000 1.000000
8463.750000 1.000000
8471.250000 1.000000
8478.750000 1.000000
8486.250000 1.000000
8493.750000 1.000000
8501.250000 1.000000
8508.750000 1.000000
8516.250000 1.000000
8523.750000 1.000000
8531.250000 1.000000
8538.750000 1.000000
8546.250000 1.000000
8553.750000 1.000000
8561.250000 1.000000
8568.750000 1.000000
8576.250000 1.000000
8583.750000 1.000000
8591.250000 1.000000
8598.750000 1.000000
8606.250000 1.000000
8613.750000 1.000000
8621.250000 1.000000
8628.750000 1.000000
8636.250000 1.000000
8643.750000 1.000000
8651.250000 1.000000
8658.750000 1.000000
8666.250000 1.000000
8673.750000 1.000000
8681.250000 1.000000
8688.750000 1.000000
8696.250000 1.000000
8703.750000 1.000000
8711.250000 1.000000
8718.750000 1.000000
8726.250000 1.000000
8733.750000 1.000000
8741.250000 1.000000
8748.750000 1.000000
8756.250000 1.000000
8763.750000 1.000000
8771.250000 1.000000
8778.750000 1.000000
8786.250000 1.000000
8793.750000 1.000000
8801.250000 1.000000
8808.750000 1.000000
8816.250000 1.000000
8823.750000 1.000000
8831.250000 1.000000
8838.750000 1.000000
8846.250000 1.000000
8853.750000 1.000000
8861.250000 1.000000
8868.750000 1.000000
8876.250000 1.000000
8883.750000 1.000000
8891.250000 1.000000
8898.750000 1.000000
8906.250000 1.000000
8913.750000 1.000000
8921.250000 1.000000
8928.750000 1.000000
8936.250000 1.000000
8943.750000 1.000000
8951.250000 1.000000
8958.750000 1.000000
8966.250000 1.000000
8973.750000 1.000000
8981.250000 1.000000
8988.750000 1.000000
8996.250000 1.000000
9003.750000 1.000000
9011.250000 1.000000
9018.750000 1.000000
9026.250000 1.000000
9033.750000 1.000000
9041.250000 1.000000
9048.750000 1.000000
9056.250000 1.000000
9063.750000 1.000000
9071.250000 1.000000
9078.750000 1.000000
9086.250000 1.000000
9093.750000 1.000000
9101.250000 1.000000
9108.750000 1.000000
9116.250000 1.000000
9123.750000 1.000000
9131.250000 1.000000
9138.750000 1.000000
9146.250000 1.000000
9153.750000 1.000000
9161.250000 1.000000
9168.750000 1.000000
9176.250000 1.000000
9183.750000 1.000000
9191.250000 1.000000
9198.750000 1.000000
9206.250000 1.000000
9213.750000 1.000000
9221.250000 1.000000
9228.750000 1.000000
9236.250000 1.000000
9243.750000 1.000000
9251.250000 1.000000
9258.750000 1.000000
9266.250000 1.000000
9273.750000 1.000000
9281.250000 1.000000
9288.750000 1.000000
9296.250000 1.000000
9303.750000 1.000000
9311.250000 1.000000
9318.750000 1.000000
9326.250000 1.000000
9333.750000 1.000000
9341.250000 1.000000
9348.750000 1.000000
9356.250000 1.000000
9363.750000 1.000000
9371.250000 1.000000
9378.750000 1.000000
9386.250000 1.000000
9393.750000 1.000000
9401.250000 1.000000
9408.750000 1.000000
9416.250000 1.000000
9423.750000 1.000000
9431.250000 1.000000
9438.750000 1.000000
9446.250000 1.000000
9453.750000 1.000000
9461.250000 1.000000
9468.750000 1.000000
9476.250000 1.000000
9483.750000 1.000000
9491.250000 1.000000
9498.750000 1.000000
9506.250000 1.000000
9513.750000 1.000000
9521.250000 1.000000
9528.750000 1.000000
9536.250000 1.000000
9543.750000 1.000000
9551.250000 1.000000
9558.750000 1.000000
9566.250000 1.000000
9573.750000 1.000000
9581.250000 1.000000
9588.750000 1.000000
9596.250000 1.000000
9603.750000 1.000000
9611.250000 1.000000
9618.750000 1.000000
9626.250000 1.000000
9633.750000 1.000000
9641.250000 1.000000
9648.750000 1.000000
9656.250000 1.000000
9663.750000 1.000000
9671.250000 1.000000
9678.750000 1.000000
9686.250000 1.000000
9693.750000 1.000000
9701.250000 1.000000
9708.750000 1.000000
9716.250000 1.000000
9723.750000 1.000000
9731.250000 1.000000
9738.750000 1.000000
9746.250000 1.000000
9753.750000 1.000000
9761.250000 1.000000
9768.750000 1.000000
9776.250000 1.000000
9783.750000 1.000000
9791.250000 1.000000
9798.750000 1.000000
9806.250000 1.000000
9813.750000 1.000000
9821.250000 1.000000
9828.750000 1.000000
9836.250000 1.000000
9843.750000 1.000000
9851.250000 1.000000
9858.750000 1.000000
9866.250000 1.000000
9873.750000 1.000000
9881.250000 1.000000
9888.750000 1.000000
9896.250000 1.000000
9903.750000 1.000000
9911.250000 1.000000
9918.750000 1.000000
9926.250000 1.000000
9933.750000 1.000000
9941.250000 1.000000
9948.750000 1.000000
9956.250000 1.000000
9963.750000 1.000000
9971.250000 1.000000
9978.750000 1.000000
9986.250000 1.000000
9993.750000 1.000000
10001.250000 1.000000
10008.750000 1.000000
10016.250000 1.000000
10023.750000 1.000000
10031.250000 1.000000
10038.750000 1.000000
10046.250000 1.000000
10053.750000 1.000000
10061.250000 1.000000
10068.750000 1.000000
10076.250000 1.000000
10083.750000 1.000000
10091.250000 1.000000
10098.750000 1.000000
10106.250000 1.000000
10113.750000 1.000000
10121.250000 1.000000
10128.750000 1.000000
10136.250000 1.000000
10143.750000 1.000000
10151.250000 1.000000
10158.750000 1.000000
10166.250000 1.000000
10173.750000 1.000000
10181.250000 1.000000
10188.750000 1.000000
10196.250000 1.000000
10203.750000 1.000000
10211.250000 1.000000
10218.750000 1.000000
10226.250000 1.000000
10233.750000 1.000000
10241.250000 1.000000
10248.750000 1.000000
10256.250000 1.000000
10263.750000 1.000000
10271.250000 1.000000
10278.750000 1.000000
10286.250000 1.000000
10293.750000 1.000000
10301.250000 1.000000
10308.750000 1.000000
10316.250000 1.000000
10323.750000 1.000000
10331.250000 1.000000
10338.750000 1.000000
10346.250000 1.000000
10353.750000 1.000000
10361.250000 1.000000
10368.750000 1.000000
10376.250000 1.000000
10383.750000 1.000000
10391.250000 1.000000
10398.750000 1.000000
10406.250000 1.000000
10413.750000 1.000000
10421.250000 1.000000
10428.750000 1.000000
10436.250000 1.000000
10443.750000 1.000000
10451.250000 1.000000
10458.750000 1.000000
10466.250000 1.000000
10473.750000 1.000000
10481.250000 1.000000
10488.750000 1.000000
10496.250000 1.000000
10503.750000 1.000000
10511.250000 1.000000
10518.750000 1.000000
10526.250000 1.000000
10533.750000 1.000000
10541.250000 1.000000
10548.750000 1.000000
10556.250000 1.000000
10563.750000 1.000000
10571.250000 1.000000
10578.750000 1.000000
10586.250000 1.000000
10593.750000 1.000000
10601.250000 1.000000
10608.750000 1.000000
10616.250000 1.000000
10623.750000 1.000000
10631.250000 1.000000
10638.750000 1.000000
10646.250000 1.000000
10653.750000 1.000000
10661.250000 1.000000
10668.750000 1.000000
10676.250000 1.000000
10683.750000 1.000000
10691.250000 1.000000
10698.750000 1.000000
10706.250000 1.000000
10713.750000 1.000000
10721.250000 1.000000
10728.750000 1.000000
10736.250000 1.000000
10743.750000 1.000000
10751.250000 1.000000
10758.750000 1.000000
10766.250000 1.000000
10773.750000 1.000000
10781.250000 1.000000
10788.750000 1.000000
10796.250000 1.000000
10803.750000 1.000000
10811.250000 1.000000
10818.750000 1.000000
10826.250000 1.000000
10833.750000 1.000000
10841.250000 1.000000
10848.750000 1.000000
10856.250000 1.000000
10863.750000 1.000000
10871.250000 1.000000
10878.750000 1.000000
10886.250000 1.000000
10893.750000 1.000000
10901.250000 1.000000
10908.750000 1.000000
10916.250000 1.000000
10923.750000 1.000000
10931.250000 1.000000
10938.750000 1.000000
10946.250000 1.000000
10953.750000 1.000000
10961.250000 1.000000
10968.750000 1.000000
10976.250000 1.000000
10983.750000 1.000000
10991.250000 1.000000
10998.750000 1.000000
11006.250000 1.000000
11013.750000 1.000000
11021.250000 1.000000
11028.750000 1.000000
11036.250000 1.000000
11043.750000 1.000000
11051.250000 1.000000
11058.750000 1.000000
11066.250000 1.000000
11073.750000 1.000000
11081.250000 1.000000
11088.750000 1.000000
11096.250000 1.000000
11103.750000 1.000000
11111.250000 1.000000
11118.750000 1.000000
11126.250000 1.000000
11133.750000 1.000000
11141.250000 1.000000
11148.750000 1.000000
11156.250000 1.000000
11163.750000 1.000000
11171.250000 1.000000
11178.750000 1.000000
11186.250000 1.000000
11193.750000 1.000000
11201.250000 1.000000
11208.750000 1.000000
11216.250000 1.000000
11223.750000 1.000000
11231.250000 1.000000
11238.750000 1.000000
11246.250000 1.000000
11253.750000 1.000000
11261.250000 1.000000
11268.750000 1.000000
11276.250000 1.000000
11283.750000 1.000000
11291.250000 1.000000
11298.750000 1.000000
11306.250000 1.000000
11313.750000 1.000000
11321.250000 1.000000
11328.750000 1.000000
11336.250000 1.000000
11343.750000 1.000000
11351.250000 1.000000
11358.750000 1.000000
11366.250000 1.000000
11373.750000 1.000000
11381.250000 1.000000
11388.750000 1.000000
11396.250000 1.000000
11403.750000 1.000000
11411.250000 1.000000
11418.750000 1.000000
11426.250000 1.000000
11433.750000 1.000000
11441.250000 1.000000
11448.750000 1.000000
11456.250000 1.000000
11463.750000 1.000000
11471.250000 1.000000
11478.750000 1.000000
11486.250000 1.000000
11493.750000 1.000000
11501.250000 1.000000
11508.750000 1.000000
11516.250000 1.000000
11523.750000 1.000000
11531.250000 1.000000
11538.750000 1.000000
11546.250000 1.000000
11553.750000 1.000000
11561.250000 1.000000
11568.750000 1.000000
11576.250000 1.000000
11583.750000 1.000000
11591.250000 1.000000
11598.750000 1.000000
11606.250000 1.000000
11613.750000 1.000000
11621.250000 1.000000
11628.750000 1.000000
11636.250000 1.000000
11643.750000 1.000000
11651.250000 1.000000
11658.750000 1.000000
11666.250000 1.000000
11673.750000 1.000000
11681.250000 1.000000
11688.750000 1.000000
11696.250000 1.000000
11703.750000 1.000000
11711.250000 1.000000
11718.750000 1.000000
11726.250000 1.000000
11733.750000 1.000000
11741.250000 1.000000
11748.750000 1.000000
11756.250000 1.000000
11763.750000 1.000000
11771.250000 1.000000
11778.750000 1.000000
11786.250000 1.000000
11793.750000 1.000000
11801.250000 1.000000
11808.750000 1.000000
11816.250000 1.000000
11823.750000 1.000000
11831.250000 1.000000
11838.750000 1.000000
11846.250000 1.000000
11853.750000 1.000000
11861.250000 1.000000
11868.750000 1.000000
11876.250000 1.000000
11883.750000 1.000000
11891.250000 1.000000
11898.750000 1.000000
11906.250000 1.000000
11913.750000 1.000000
11921.250000 1.000000
11928.750000 1.000000
11936.250000 1.000000
11943.750000 1.000000
11951.250000 1.000000
11958.750000 1.000000
11966.250000 1.000000
11973.750000 1.000000
11981.250000 1.000000
11988.750000 1.000000
11996.250000 1.000000
12003.750000 1.000000
12011.250000 1.000000
12018.750000 1.000000
12026.250000 1.000000
12033.750000 1.000000
12041.250000 1.000000
12048.750000 1.000000
12056.250000 1.000000
12063.750000 1.000000
12071.250000 1.000000
12078.750000 1.000000
12086.250000 1.000000
12093.750000 1.000000
12101.250000 1.000000
12108.750000 1.000000
12116.250000 1.000000
12123.750000 1.000000
12131.250000 1.000000
12138.750000 1.000000
12146.250000 1.000000
12153.750000 1.000000
12161.250000 1.000000
12168.750000 1.000000
12176.250000 1.000000
12183.750000 1.000000
12191.250000 1.000000
12198.750000 1.000000
12206.250000 1.000000
12213.750000 1.000000
12221.250000 1.000000
12228.750000 1.000000
12236.250000 1.000000
12243.750000 1.000000
12251.250000 1.000000
12258.750000 1.000000
12266.250000 1.000000
12273.750000 1.000000
12281.250000 1.000000
12288.750000 1.000000
12296.250000 1.000000
12303.750000 1.000000
12311.250000 1.000000
12318.750000 1.000000
12326.250000 1.000000
12333.750000 1.000000
12341.250000 1.000000
12348.750000 1.000000
12356.250000 1.000000
12363.750000 1.000000
12371.250000 1.000000
12378.750000 1.000000
12386.250000 1.000000
12393.750000 1.000000
12401.250000 1.000000
12408.750000 1.000000
12416.250000 1.000000
12423.750000 1.000000
12431.250000 1.000000
12438.750000 1.000000
12446.250000 1.000000
12453.750000 1.000000
12461.250000 1.000000
12468.750000 1.000000
12476.250000 1.000000
12483.750000 1.000000
12491.250000 1.000000
12498.750000 1.000000
12506.250000 1.000000
12513.750000 1.000000
12521.250000 1.000000
12528.750000 1.000000
12536.250000 1.000000
12543.750000 1.000000
12551.250000 1.000000
12558.750000 1.000000
12566.250000 1.000000
12573.750000 1.000000
12581.250000 1.000000
12588.750000 1.000000
12596.250000 1.000000
12603.750000 1.000000
12611.250000 1.000000
12618.750000 1.000000
12626.250000 1.000000
12633.750000 1.000000
12641.250000 1.000000
12648.750000 1.000000
12656.250000 1.000000
12663.750000 1.000000
12671.250000 1.000000
12678.750000 1.000000
12686.250000 1.000000
12693.750000 1.000000
12701.250000 1.000000
12708.750000 1.000000
12716.250000 1.000000
12723.750000 1.000000
12731.250000 1.000000
12738.750000 1.000000
12746.250000 1.000000
12753.750000 1.000000
12761.250000 1.000000
12768.750000 1.000000
12776.250000 1.000000
12783.750000 1.000000
12791.250000 1.000000
12798.750000 1.000000
12806.250000 1.000000
12813.750000 1.000000
12821.250000 1.000000
12828.750000 1.000000
12836.250000 1.000000
12843.750000 1.000000
12851.250000 1.000000
12858.750000 1.000000
12866.250000 1.000000
12873.750000 1.000000
12881.250000 1.000000
12888.750000 1.000000
12896.250000 1.000000
12903.750000 1.000000
12911.250000 1.000000
12918.750000 1.000000
12926.250000 1.000000
12933.750000 1.000000
12941.250000 1.000000
12948.750000 1.000000
12956.250000 1.000000
12963.750000 1.000000
12971.250000 1.000000
12978.750000 1.000000
12986.250000 1.000000
12993.750000 1.000000
13001.250000 1.000000
13008.750000 1.000000
13016.250000 1.000000
13023.750000 1.000000
13031.250000 1.000000
13038.750000 1.000000
13046.250000 1.000000
13053.750000 1.000000
13061.250000 1.000000
13068.750000 1.000000
13076.250000 1.000000
13083.750000 1.000000
13091.250000 1.000000
13098.750000 1.000000
13106.250000 1.000000
13113.750000 1.000000
13121.250000 1.000000
13128.750000 1.000000
13136.250000 1.000000
13143.750000 1.000000
13151.250000 1.000000
13158.750000 1.000000
13166.250000 1.000000
13173.750000 1.000000
13181.250000 1.000000
13188.750000 1.000000
13196.250000 1.000000
13203.750000 1.000000
13211.250000 1.000000
13218.750000 1.000000
13226.250000 1.000000
13233.750000 1.000000
13241.250000 1.000000
13248.750000 1.000000
13256.250000 1.000000
13263.750000 1.000000
13271.250000 1.000000
13278.750000 1.000000
13286.250000 1.000000
13293.750000 1.000000
13301.250000 1.000000
13308.750000 1.000000
13316.250000 1.000000
13323.750000 1.000000
13331.250000 1.000000
13338.750000 1.000000
13346.250000 1.000000
13353.750000 1.000000
13361.250000 1.000000
13368.750000 1.000000
13376.250000 1.000000
13383.750000 1.000000
13391.250000 1.000000
13398.750000 1.000000
13406.250000 1.000000
13413.750000 1.000000
13421.250000 1.000000
13428.750000 1.000000
13436.250000 1.000000
13443.750000 1.000000
13451.250000 1.000000
13458.750000 1.000000
13466.250000 1.000000
13473.750000 1.000000
13481.250000 1.000000
13488.750000 1.000000
13496.250000 1.000000
13503.750000 1.000000
13511.250000 1.000000
13518.750000 1.000000
13526.250000 1.000000
13533.750000 1.000000
13541.250000 1.000000
13548.750000 1.000000
13556.250000 1.000000
13563.750000 1.000000
13571.250000 1.000000
13578.750000 1.000000
13586.250000 1.000000
13593.750000 1.000000
13601.250000 1.000000
13608.750000 1.000000
13616.250000 1.000000
13623.750000 1.000000
13631.250000 1.000000
13638.750000 1.000000
13646.250000 1.000000
13653.750000 1.000000
13661.250000 1.000000
13668.750000 1.000000
13676.250000 1.000000
13683.750000 1.000000
13691.250000 1.000000
13698.750000 1.000000
13706.250000 1.000000
13713.750000 1.000000
13721.250000 1.000000
13728.750000 1.000000
13736.250000 1.000000
13743.750000 1.000000
13751.250000 1.000000
13758.750000 1.000000
13766.250000 1.000000
13773.750000 1.000000
13781.250000 1.000000
13788.750000 1.000000
13796.250000 1.000000
13803.750000 1.000000
13811.250000 1.000000
13818.750000 1.000000
13826.250000 1.000000
13833.750000 1.000000
13841.250000 1.000000
13848.750000 1.000000
13856.250000 1.000000
13863.750000 1.000000
13871.250000 1.000000
13878.750000 1.000000
13886.250000 1.000000
13893.750000 1.000000
13901.250000 1.000000
13908.750000 1.000000
13916.250000 1.000000
13923.750000 1.000000
13931.250000 1.000000
13938.750000 1.000000
13946.250000 1.000000
13953.750000 1.000000
13961.250000 1.000000
13968.750000 1.000000
13976.250000 1.000000
13983.750000 1.000000
13991.250000 1.000000
13998.750000 1.000000
14006.250000 1.000000
14013.750000 1.000000
14021.250000 1.000000
14028.750000 1.000000
14036.250000 1.000000
14043.750000 1.000000
14051.250000 1.000000
14058.750000 1.000000
14066.250000 1.000000
14073.750000 1.000000
14081.250000 1.000000
14088.750000 1.000000
14096.250000 1.000000
14103.750000 1.000000
14111.250000 1.000000
14118.750000 1.000000
14126.250000 1.000000
14133.750000 1.000000
14141.250000 1.000000
14148.750000 1.000000
14156.250000 1.000000
14163.750000 1.000000
14171.250000 1.000000
14178.750000 1.000000
14186.250000 1.000000
14193.750000 1.000000
14201.250000 1.000000
14208.750000 1.000000
14216.250000 1.000000
14223.750000 1.000000
14231.250000 1.000000
14238.750000 1.000000
14246.250000 1.000000
14253.750000 1.000000
14261.250000 1.000000
14268.750000 1.000000
14276.250000 1.000000
14283.750000 1.000000
14291.250000 1.000000
14298.750000 1.000000
14306.250000 1.000000
14313.750000 1.000000
14321.250000 1.000000
14328.750000 1.000000
14336.250000 1.000000
14343.750000 1.000000
14351.250000 1.000000
14358.750000 1.000000
14366.250000 1.000000
14373.750000 1.000000
14381.250000 1.000000
14388.750000 1.000000
14396.250000 1.000000
14403.750000 1.000000
14411.250000 1.000000
14418.750000 1.000000
14426.250000 1.000000
14433.750000 1.000000
14441.250000 1.000000
14448.750000 1.000000
14456.250000 1.000000
14463.750000 1.000000
14471.250000 1.000000
14478.750000 1.000000
14486.250000 1.000000
14493.750000 1.000000
14501.250000 1.000000
14508.750000 1.000000
14516.250000 1.000000
14523.750000 1.000000
14531.250000 1.000000
14538.750000 1.000000
14546.250000 1.000000
14553.750000 1.000000
14561.250000 1.000000
14568.750000 1.000000
14576.250000 1.000000
14583.750000 1.000000
14591.250000 1.000000
14598.750000 1.000000
14606.250000 1.000000
14613.750000 1.000000
14621.250000 1.000000
14628.750000 1.000000
14636.250000 1.000000
14643.750000 1.000000
14651.250000 1.000000
14658.750000 1.000000
14666.250000 1.000000
14673.750000 1.000000
14681.250000 1.000000
14688.750000 1.000000
14696.250000 1.000000
14703.750000 1.000000
14711.250000 1.000000
14718.750000 1.000000
14726.250000 1.000000
14733.750000 1.000000
14741.250000 1.000000
14748.750000 1.000000
14756.250000 1.000000
14763.750000 1.000000
14771.250000 1.000000
14778.750000 1.000000
14786.250000 1.000000
14793.750000 1.000000
14801.250000 1.000000
14808.750000 1.000000
14816.250000 1.000000
14823.750000 1.000000
14831.250000 1.000000
14838.750000 1.000000
14846.250000 1.000000
14853.750000 1.000000
14861.250000 1.000000
14868.750000 1.000000
14876.250000 1.000000
14883.750000 1.000000
14891.250000 1.000000
14898.750000 1.000000
14906.250000 1.000000
14913.750000 1.000000
14921.250000 1.000000
14928.750000 1.000000
14936.250000 1.000000
14943.750000 1.000000
14951.250000 1.000000
14958.750000 1.000000
14966.250000 1.000000
14973.750000 1.000000
14981.250000 1.000000
14988.750000 1.000000
14996.250000 1.000000
15003.750000 1.000000
15011.250000 1.000000
15018.750000 1.000000
15026.250000 1.000000
15033.750000 1.000000
15041.250000 1.000000
15048.750000 1.000000
15056.250000 1.000000
15063.750000 1.000000
15071.250000 1.000000
15078.750000 1.000000
15086.250000 1.000000
15093.750000 1.000000
15101.250000 1.000000
15108.750000 1.000000
15116.250000 1.000000
15123.750000 1.000000
15131.250000 1.000000
15138.750000 1.000000
15146.250000 1.000000
15153.750000 1.000000
15161.250000 1.000000
15168.750000 1.000000
15176.250000 1.000000
15183.750000 1.000000
15191.250000 1.000000
15198.750000 1.000000
15206.250000 1.000000
15213.750000 1.000000
15221.250000 1.000000
15228.750000 1.000000
15236.250000 1.000000
15243.750000 1.000000
15251.250000 1.000000
15258.750000 1.000000
15266.250000 1.000000
15273.750000 1.000000
15281.250000 1.000000
15288.750000 1.000000
15296.250000 1.000000
15303.750000 1.000000
15311.250000 1.000000
15318.750000 1.000000
15326.250000 1.000000
15333.750000 1.000000
15341.250000 1.000000
15348.750000 1.000000
15356.250000 1.000000
15363.750000 1.000000
15371.250000 1.000000
15378.750000 1.000000
15386.250000 1.000000
15393.750000 1.000000
15401.250000 1.000000
15408.750000 1.000000
15416.250000 1.000000
15423.750000 1.000000
15431.250000 1.000000
15438.750000 1.000000
15446.250000 1.000000
15453.750000 1.000000
15461.250000 1.000000
15468.750000 1.000000
15476.250000 1.000000
15483.750000 1.000000
15491.250000 1.000000
15498.750000 1.000000
15506.250000 1.000000
15513.750000 1.000000
15521.250000 1.000000
15528.750000 1.000000
15536.250000 1.000000
15543.750000 1.000000
15551.250000 1.000000
15558.750000 1.000000
15566.250000 1.000000
15573.750000 1.000000
15581.250000 1.000000
15588.750000 1.000000
15596.250000 1.000000
15603.750000 1.000000
15611.250000 1.000000
15618.750000 1.000000
15626.250000 1.000000
15633.750000 1.000000
15641.250000 1.000000
15648.750000 1.000000
15656.250000 1.000000
15663.750000 1.000000
15671.250000 1.000000
15678.750000 1.000000
15686.250000 1.000000
15693.750000 1.000000
15701.250000 1.000000
15708.750000 1.000000
15716.250000 1.000000
15723.750000 1.000000
15731.250000 1.000000
15738.750000 1.000000
15746.250000 1.000000
15753.750000 1.000000
15761.250000 1.000000
15768.750000 1.000000
15776.250000 1.000000
15783.750000 1.000000
15791.250000 1.000000
15798.750000 1.000000
15806.250000 1.000000
15813.750000 1.000000
15821.250000 1.000000
15828.750000 1.000000
15836.250000 1.000000
15843.750000 1.000000
15851.250000 1.000000
15858.750000 1.000000
15866.250000 1.000000
15873.750000 1.000000
15881.250000 1.000000
15888.750000 1.000000
15896.250000 1.000000
15903.750000 1.000000
15911.250000 1.000000
15918.750000 1.000000
15926.250000 1.000000
15933.750000 1.000000
15941.250000 1.000000
15948.750000 1.000000
15956.250000 1.000000
15963.750000 1.000000
15971.250000 1.000000
15978.750000 1.000000
15986.250000 1.000000
15993.750000 1.000000
16001.250000 1.000000
16008.750000 1.000000
16016.250000 1.000000
16023.750000 1.000000
16031.250000 1.000000
16038.750000 1.000000
16046.250000 1.000000
16053.750000 1.000000
16061.250000 1.000000
16068.750000 1.000000
16076.250000 1.000000
16083.750000 1.000000
16091.250000 1.000000
16098.750000 1.000000
16106.250000 1.000000
16113.750000 1.000000
16121.250000 1.000000
16128.750000 1.000000
16136.250000 1.000000
16143.750000 1.000000
16151.250000 1.000000
16158.750000 1.000000
16166.250000 1.000000
16173.750000 1.000000
16181.250000 1.000000
16188.750000 1.000000
16196.250000 1.000000
16203.750000 1.000000
16211.250000 1.000000
16218.750000 1.000000
16226.250000 1.000000
16233.750000 1.000000
16241.250000 1.000000
16248.750000 1.000000
16256.250000 1.000000
16263.750000 1.000000
16271.250000 1.000000
16278.750000 1.000000
16286.250000 1.000000
16293.750000 1.000000
16301.250000 1.000000
16308.750000 1.000000
16316.250000 1.000000
16323.750000 1.000000
16331.250000 1.000000
16338.750000 1.000000
16346.250000 1.000000
16353.750000 1.000000
16361.250000 1.000000
16368.750000 1.000000
16376.250000 1.000000
16383.750000 1.000000
16391.250000 1.000000
16398.750000 1.000000
16406.250000 1.000000
16413.750000 1.000000
16421.250000 1.000000
16428.750000 1.000000
16436.250000 1.000000
16443.750000 1.000000
16451.250000 1.000000
16458.750000 1.000000
16466.250000 1.000000
16473.750000 1.000000
16481.250000 1.000000
16488.750000 1.000000
16496.250000 1.000000
16503.750000 1.000000
16511.250000 1.000000
16518.750000 1.000000
16526.250000 1.000000
16533.750000 1.000000
16541.250000 1.000000
16548.750000 1.000000
16556.250000 1.000000
16563.750000 1.000000
16571.250000 1.000000
16578.750000 1.000000
16586.250000 1.000000
16593.750000 1.000000
16601.250000 1.000000
16608.750000 1.000000
16616.250000 1.000000
16623.750000 1.000000
16631.250000 1.000000
16638.750000 1.000000
16646.250000 1.000000
16653.750000 1.000000
16661.250000 1.000000
16668.750000 1.000000
16676.250000 1.000000
16683.750000 1.000000
16691.250000 1.000000
16698.750000 1.000000
16706.250000 1.000000
16713.750000 1.000000
16721.250000 1.000000
16728.750000 1.000000
16736.250000 1.000000
16743.750000 1.000000
16751.250000 1.000000
16758.750000 1.000000
16766.250000 1.000000
16773.750000 1.000000
16781.250000 1.000000
16788.750000 1.000000
16796.250000 1.000000
16803.750000 1.000000
16811.250000 1.000000
16818.750000 1.000000
16826.250000 1.000000
16833.750000 1.000000
16841.250000 1.000000
16848.750000 1.000000
16856.250000 1.000000
16863.750000 1.000000
16871.250000 1.000000
16878.750000 1.000000
16886.250000 1.000000
16893.750000 1.000000
16901.250000 1.000000
16908.750000 1.000000
16916.250000 1.000000
16923.750000 1.000000
16931.250000 1.000000
16938.750000 1.000000
16946.250000 1.000000
16953.750000 1.000000
16961.250000 1.000000
16968.750000 1.000000
16976.250000 1.000000
16983.750000 1.000000
16991.250000 1.000000
16998.750000 1.000000
17006.250000 1.000000
17013.750000 1.000000
17021.250000 1.000000
17028.750000 1.000000
17036.250000 1.000000
17043.750000 1.000000
17051.250000 1.000000
17058.750000 1.000000
17066.250000 1.000000
17073.750000 1.000000
17081.250000 1.000000
17088.750000 1.000000
17096.250000 1.000000
17103.750000 1.000000
17111.250000 1.000000
17118.750000 1.000000
17126.250000 1.000000
17133.750000 1.000000
17141.250000 1.000000
17148.750000 1.000000
17156.250000 1.000000
17163.750000 1.000000
17171.250000 1.000000
17178.750000 1.000000
17186.250000 1.000000
17193.750000 1.000000
17201.250000 1.000000
17208.750000 1.000000
17216.250000 1.000000
17223.750000 1.000000
17231.250000 1.000000
17238.750000 1.000000
17246.250000 1.000000
17253.750000 1.000000
17261.250000 1.000000
17268.750000 1.000000
17276.250000 1.000000
17283.750000 1.000000
17291.250000 1.000000
17298.750000 1.000000
17306.250000 1.000000
17313.750000 1.000000
17321.250000 1.000000
17328.750000 1.000000
17336.250000 1.000000
17343.750000 1.000000
17351.250000 1.000000
17358.750000 1.000000
17366.250000 1.000000
17373.750000 1.000000
17381.250000 1.000000
17388.750000 1.000000
17396.250000 1.000000
17403.750000 1.000000
17411.250000 1.000000
17418.750000 1.000000
17426.250000 1.000000
17433.750000 1.000000
17441.250000 1.000000
17448.750000 1.000000
17456.250000 1.000000
17463.750000 1.000000
17471.250000 1.000000
17478.750000 1.000000
17486.250000 1.000000
17493.750000 1.000000
17501.250000 1.000000
17508.750000 1.000000
17516.250000 1.000000
17523.750000 1.000000
17531.250000 1.000000
17538.750000 1.000000
17546.250000 1.000000
17553.750000 1.000000
17561.250000 1.000000
17568.750000 1.000000
17576.250000 1.000000
17583.750000 1.000000
17591.250000 1.000000
17598.750000 1.000000
17606.250000 1.000000
17613.750000 1.000000
17621.250000 1.000000
17628.750000 1.000000
17636.250000 1.000000
17643.750000 1.000000
17651.250000 1.000000
17658.750000 1.000000
17666.250000 1.000000
17673.750000 1.000000
17681.250000 1.000000
17688.750000 1.000000
17696.250000 1.000000
17703.750000 1.000000
17711.250000 1.000000
17718.750000 1.000000
17726.250000 1.000000
17733.750000 1.000000
17741.250000 1.000000
17748.750000 1.000000
17756.250000 1.000000
17763.750000 1.000000
17771.250000 1.000000
17778.750000 1.000000
17786.250000 1.000000
17793.750000 1.000000
17801.250000 1.000000
17808.750000 1.000000
17816.250000 1.000000
17823.750000 1.000000
17831.250000 1.000000
17838.750000 1.000000
17846.250000 1.000000
17853.750000 1.000000
17861.250000 1.000000
17868.750000 1.000000
17876.250000 1.000000
17883.750000 1.000000
17891.250000 1.000000
17898.750000 1.000000
17906.250000 1.000000
17913.750000 1.000000
17921.250000 1.000000
17928.750000 1.000000
17936.250000 1.000000
17943.750000 1.000000
17951.250000 1.000000
17958.750000 1.000000
17966.250000 1.000000
17973.750000 1.000000
17981.250000 1.000000
17988.750000 1.000000
17996.250000 1.000000
18003.750000 1.000000
18011.250000 1.000000
18018.750000 1.000000
18026.250000 1.000000
18033.750000 1.000000
18041.250000 1.000000
18048.750000 1.000000
18056.250000 1.000000
18063.750000 1.000000
18071.250000 1.000000
18078.750000 1.000000
18086.250000 1.000000
18093.750000 1.000000
18101.250000 1.000000
18108.750000 1.000000
18116.250000 1.000000
18123.750000 1.000000
18131.250000 1.000000
18138.750000 1.000000
18146.250000 1.000000
18153.750000 1.000000
18161.250000 1.000000
18168.750000 1.000000
18176.250000 1.000000
18183.750000 1.000000
18191.250000 1.000000
18198.750000 1.000000
18206.250000 1.000000
18213.750000 1.000000
18221.250000 1.000000
18228.750000 1.000000
18236.250000 1.000000
18243.750000 1.000000
18251.250000 1.000000
18258.750000 1.000000
18266.250000 1.000000
18273.750000 1.000000
18281.250000 1.000000
18288.750000 1.000000
18296.250000 1.000000
18303.750000 1.000000
18311.250000 1.000000
18318.750000 1.000000
18326.250000 1.000000
18333.750000 1.000000
18341.250000 1.000000
18348.750000 1.000000
18356.250000 1.000000
18363.750000 1.000000
18371.250000 1.000000
18378.750000 1.000000
18386.250000 1.000000
18393.750000 1.000000
18401.250000 1.000000
18408.750000 1.000000
18416.250000 1.000000
18423.750000 1.000000
18431.250000 1.000000
18438.750000 1.000000
18446.250000 1.000000
18453.750000 1.000000
18461.250000 1.000000
18468.750000 1.000000
18476.250000 1.000000
18483.750000 1.000000
18491.250000 1.000000
18498.750000 1.000000
18506.250000 1.000000
18513.750000 1.000000
18521.250000 1.000000
18528.750000 1.000000
18536.250000 1.000000
18543.750000 1.000000
18551.250000 1.000000
18558.750000 1.000000
18566.250000 1.000000
18573.750000 1.000000
18581.250000 1.000000
18588.750000 1.000000
18596.250000 1.000000
18603.750000 1.000000
18611.250000 1.000000
18618.750000 1.000000
18626.250000 1.000000
18633.750000 1.000000
18641.250000 1.000000
18648.750000 1.000000
18656.250000 1.000000
18663.750000 1.000000
18671.250000 1.000000
18678.750000 1.000000
18686.250000 1.000000
18693.750000 1.000000
18701.250000 1.000000
18708.750000 1.000000
18716.250000 1.000000
18723.750000 1.000000
18731.250000 1.000000
18738.750000 1.000000
18746.250000 1.000000
18753.750000 1.000000
18761.250000 1.000000
18768.750000 1.000000
18776.250000 1.000000
18783.750000 1.000000
18791.250000 1.000000
18798.750000 1.000000
18806.250000 1.000000
18813.750000 1.000000
18821.250000 1.000000
18828.750000 1.000000
18836.250000 1.000000
18843.750000 1.000000
18851.250000 1.000000
18858.750000 1.000000
18866.250000 1.000000
18873.750000 1.000000
18881.250000 1.000000
18888.750000 1.000000
18896.250000 1.000000
18903.750000 1.000000
18911.250000 1.000000
18918.750000 1.000000
18926.250000 1.000000
18933.750000 1.000000
18941.250000 1.000000
18948.750000 1.000000
18956.250000 1.000000
18963.750000 1.000000
18971.250000 1.000000
18978.750000 1.000000
18986.250000 1.000000
18993.750000 1.000000
19001.250000 1.000000
19008.750000 1.000000
19016.250000 1.000000
19023.750000 1.000000
19031.250000 1.000000
19038.750000 1.000000
19046.250000 1.000000
19053.750000 1.000000
19061.250000 1.000000
19068.750000 1.000000
19076.250000 1.000000
19083.750000 1.000000
19091.250000 1.000000
19098.750000 1.000000
19106.250000 1.000000
19113.750000 1.000000
19121.250000 1.000000
19128.750000 1.000000
19136.250000 1.000000
19143.750000 1.000000
19151.250000 1.000000
19158.750000 1.000000
19166.250000 1.000000
19173.750000 1.000000
19181.250000 1.000000
19188.750000 1.000000
19196.250000 1.000000
19203.750000 1.000000
19211.250000 1.000000
19218.750000 1.000000
19226.250000 1.000000
19233.750000 1.000000
19241.250000 1.000000
19248.750000 1.000000
19256.250000 1.000000
19263.750000 1.000000
19271.250000 1.000000
19278.750000 1.000000
19286.250000 1.000000
19293.750000 1.000000
19301.250000 1.000000
19308.750000 1.000000
19316.250000 1.000000
19323.750000 1.000000
19331.250000 1.000000
19338.750000 1.000000
19346.250000 1.000000
19353.750000 1.000000
19361.250000 1.000000
19368.750000 1.000000
19376.250000 1.000000
19383.750000 1.000000
19391.250000 1.000000
19398.750000 1.000000
19406.250000 1.000000
19413.750000 1.000000
19421.250000 1.000000
19428.750000 1.000000
19436.250000 1.000000
19443.750000 1.000000
19451.250000 1.000000
19458.750000 1.000000
19466.250000 1.000000
19473.750000 1.000000
19481.250000 1.000000
19488.750000 1.000000
19496.250000 1.000000
19503.750000 1.000000
19511.250000 1.000000
19518.750000 1.000000
19526.250000 1.000000
19533.750000 1.000000
19541.250000 1.000000
19548.750000 1.000000
19556.250000 1.000000
19563.750000 1.000000
19571.250000 1.000000
19578.750000 1.000000
19586.250000 1.000000
19593.750000 1.000000
19601.250000 1.000000
19608.750000 1.000000
19616.250000 1.000000
19623.750000 1.000000
19631.250000 1.000000
19638.750000 1.000000
19646.250000 1.000000
19653.750000 1.000000
19661.250000 1.000000
19668.750000 1.000000
19676.250000 1.000000
19683.750000 1.000000
19691.250000 1.000000
19698.750000 1.000000
19706.250000 1.000000
19713.750000 1.000000
19721.250000 1.000000
19728.750000 1.000000
19736.250000 1.000000
19743.750000 1.000000
19751.250000 1.000000
19758.750000 1.000000
19766.250000 1.000000
19773.750000 1.000000
19781.250000 1.000000
19788.750000 1.000000
19796.250000 1.000000
19803.750000 1.000000
19811.250000 1.000000
19818.750000 1.000000
19826.250000 1.000000
19833.750000 1.000000
19841.250000 1.000000
19848.750000 1.000000
19856.250000 1.000000
19863.750000 1.000000
19871.250000 1.000000
19878.750000 1.000000
19886.250000 1.000000
19893.750000 1.000000
19901.250000 1.000000
19908.750000 1.000000
19916.250000 1.000000
19923.750000 1.000000
19931.250000 1.000000
19938.750000 1.000000
19946.250000 1.000000
19953.750000 1.000000
19961.250000 1.000000
19968.750000 1.000000
19976.250000 1.000000
19983.750000 1.000000
19991.250000 1.000000
19998.750000 1.000000
20006.250000 1.000000
20013.750000 1.000000
20021.250000 1.000000
20028.750000 1.000000
20036.250000 1.000000
20043.750000 1.000000
20051.250000 1.000000
20058.750000 1.000000
20066.250000 1.000000
20073.750000 1.000000
20081.250000 1.000000
20088.750000 1.000000
20096.250000 1.000000
20103.750000 1.000000
20111.250000 1.000000
20118.750000 1.000000
20126.250000 1.000000
20133.750000 1.000000
20141.250000 1.000000
20148.750000 1.000000
20156.250000 1.000000
20163.750000 1.000000
20171.250000 1.000000
20178.750000 1.000000
20186.250000 1.000000
20193.750000 1.000000
20201.250000 1.000000
20208.750000 1.000000
20216.250000 1.000000
20223.750000 1.000000
20231.250000 1.000000
20238.750000 1.000000
20246.250000 1.000000
20253.750000 1.000000
20261.250000 1.000000
20268.750000 1.000000
20276.250000 1.000000
20283.750000 1.000000
20291.250000 1.000000
20298.750000 1.000000
20306.250000 1.000000
20313.750000 1.000000
20321.250000 1.000000
20328.750000 1.000000
20336.250000 1.000000
20343.750000 1.000000
20351.250000 1.000000
20358.750000 1.000000
20366.250000 1.000000
20373.750000 1.000000
20381.250000 1.000000
20388.750000 1.000000
20396.250000 1.000000
20403.750000 1.000000
20411.250000 1.000000
20418.750000 1.000000
20426.250000 1.000000
20433.750000 1.000000
20441.250000 1.000000
20448.750000 1.000000
20456.250000 1.000000
20463.750000 1.000000
20471.250000 1.000000
20478.750000 1.000000
20486.250000 1.000000
20493.750000 1.000000
20501.250000 1.000000
20508.750000 1.000000
20516.250000 1.000000
20523.750000 1.000000
20531.250000 1.000000
20538.750000 1.000000
20546.250000 1.000000
20553.750000 1.000000
20561.250000 1.000000
20568.750000 1.000000
20576.250000 1.000000
20583.750000 1.000000
20591.250000 1.000000
20598.750000 1.000000
20606.250000 1.000000
20613.750000 1.000000
20621.250000 1.000000
20628.750000 1.000000
20636.250000 1.000000
20643.750000 1.000000
20651.250000 1.000000
20658.750000 1.000000
20666.250000 1.000000
20673.750000 1.000000
20681.250000 1.000000
20688.750000 1.000000
20696.250000 1.000000
20703.750000 1.000000
20711.250000 1.000000
20718.750000 1.000000
20726.250000 1.000000
20733.750000 1.000000
20741.250000 1.000000
20748.750000 1.000000
20756.250000 1.000000
20763.750000 1.000000
20771.250000 1.000000
20778.750000 1.000000
20786.250000 1.000000
20793.750000 1.000000
20801.250000 1.000000
20808.750000 1.000000
20816.250000 1.000000
20823.750000 1.000000
20831.250000 1.000000
20838.750000 1.000000
20846.250000 1.000000
20853.750000 1.000000
20861.250000 1.000000
20868.750000 1.000000
20876.250000 1.000000
20883.750000 1.000000
20891.250000 1.000000
20898.750000 1.000000
20906.250000 1.000000
20913.750000 1.000000
20921.250000 1.000000
20928.750000 1.000000
20936.250000 1.000000
20943.750000 1.000000
20951.250000 1.000000
20958.750000 1.000000
20966.250000 1.000000
20973.750000 1.000000
20981.250000 1.000000
20988.750000 1.000000
20996.250000 1.000000
21003.750000 1.000000
21011.250000 1.000000
21018.750000 1.000000
21026.250000 1.000000
21033.750000 1.000000
21041.250000 1.000000
21048.750000 1.000000
21056.250000 1.000000
21063.750000 1.000000
21071.250000 1.000000
21078.750000 1.000000
21086.250000 1.000000
21093.750000 1.000000
21101.250000 1.000000
21108.750000 1.000000
21116.250000 1.000000
21123.750000 1.000000
21131.250000 1.000000
21138.750000 1.000000
21146.250000 1.000000
21153.750000 1.000000
21161.250000 1.000000
21168.750000 1.000000
21176.250000 1.000000
21183.750000 1.000000
21191.250000 1.000000
21198.750000 1.000000
21206.250000 1.000000
21213.750000 1.000000
21221.250000 1.000000
21228.750000 1.000000
21236.250000 1.000000
21243.750000 1.000000
21251.250000 1.000000
21258.750000 1.000000
21266.250000 1.000000
21273.750000 1.000000
21281.250000 1.000000
21288.750000 1.000000
21296.250000 1.000000
21303.750000 1.000000
21311.250000 1.000000
21318.750000 1.000000
21326.250000 1.000000
21333.750000 1.000000
21341.250000 1.000000
21348.750000 1.000000
21356.250000 1.000000
21363.750000 1.000000
21371.250000 1.000000
21378.750000 1.000000
21386.250000 1.000000
21393.750000 1.000000
21401.250000 1.000000
21408.750000 1.000000
21416.250000 1.000000
21423.750000 1.000000
21431.250000 1.000000
21438.750000 1.000000
21446.250000 1.000000
21453.750000 1.000000
21461.250000 1.000000
21468.750000 1.000000
21476.250000 1.000000
21483.750000 1.000000
21491.250000 1.000000
21498.750000 1.000000
21506.250000 1.000000
21513.750000 1.000000
21521.250000 1.000000
21528.750000 1.000000
21536.250000 1.000000
21543.750000 1.000000
21551.250000 1.000000
21558.750000 1.000000
21566.250000 1.000000
21573.750000 1.000000
21581.250000 1.000000
21588.750000 1.000000
21596.250000 1.000000
21603.750000 1.000000
21611.250000 1.000000
21618.750000 1.000000
21626.250000 1.000000
21633.750000 1.000000
21641.250000 1.000000
21648.750000 1.000000
21656.250000 1.000000
21663.750000 1.000000
21671.250000 1.000000
21678.750000 1.000000
21686.250000 1.000000
21693.750000 1.000000
21701.250000 1.000000
21708.750000 1.000000
21716.250000 1.000000
21723.750000 1.000000
21731.250000 1.000000
21738.750000 1.000000
21746.250000 1.000000
21753.750000 1.000000
21761.250000 1.000000
21768.750000 1.000000
21776.250000 1.000000
21783.750000 1.000000
21791.250000 1.000000
21798.750000 1.000000
21806.250000 1.000000
21813.750000 1.000000
21821.250000 1.000000
21828.750000 1.000000
21836.250000 1.000000
21843.750000 1.000000
21851.250000 1.000000
21858.750000 1.000000
21866.250000 1.000000
21873.750000 1.000000
21881.250000 1.000000
21888.750000 1.000000
21896.250000 1.000000
21903.750000 1.000000
21911.250000 1.000000
21918.750000 1.000000
21926.250000 1.000000
21933.750000 1.000000
21941.250000 1.000000
21948.750000 1.000000
21956.250000 1.000000
21963.750000 1.000000
21971.250000 1.000000
21978.750000 1.000000
21986.250000 1.000000
21993.750000 1.000000
22001.250000 1.000000
22008.750000 1.000000
22016.250000 1.000000
22023.750000 1.000000
22031.250000 1.000000
22038.750000 1.000000
22046.250000 1.000000
22053.750000 1.000000
22061.250000 1.000000
22068.750000 1.000000
22076.250000 1.000000
22083.750000 1.000000
22091.250000 1.000000
22098.750000 1.000000
22106.250000 1.000000
22113.750000 1.000000
22121.250000 1.000000
22128.750000 1.000000
22136.250000 1.000000
22143.750000 1.000000
22151.250000 1.000000
22158.750000 1.000000
22166.250000 1.000000
22173.750000 1.000000
22181.250000 1.000000
22188.750000 1.000000
22196.250000 1.000000
22203.750000 1.000000
22211.250000 1.000000
22218.750000 1.000000
22226.250000 1.000000
22233.750000 1.000000
22241.250000 1.000000
22248.750000 1.000000
22256.250000 1.000000
22263.750000 1.000000
22271.250000 1.000000
22278.750000 1.000000
22286.250000 1.000000
22293.750000 1.000000
22301.250000 1.000000
22308.750000 1.000000
22316.250000 1.000000
22323.750000 1.000000
22331.250000 1.000000
22338.750000 1.000000
22346.250000 1.000000
22353.750000 1.000000
22361.250000 1.000000
22368.750000 1.000000
22376.250000 1.000000
22383.750000 1.000000
22391.250000 1.000000
22398.750000 1.000000
22406.250000 1.000000
22413.750000 1.000000
22421.250000 1.000000
22428.750000 1.000000
22436.250000 1.000000
22443.750000 1.000000
22451.250000 1.000000
22458.750000 1.000000
22466.250000 1.000000
22473.750000 1.000000
22481.250000 1.000000
22488.750000 1.000000
22496.250000 1.000000
22503.750000 1.000000
22511.250000 1.000000
22518.750000 1.000000
22526.250000 1.000000
22533.750000 1.000000
22541.250000 1.000000
22548.750000 1.000000
22556.250000 1.000000
22563.750000 1.000000
22571.250000 1.000000
22578.750000 1.000000
22586.250000 1.000000
22593.750000 1.000000
22601.250000 1.000000
22608.750000 1.000000
22616.250000 1.000000
22623.750000 1.000000
22631.250000 1.000000
22638.750000 1.000000
22646.250000 1.000000
22653.750000 1.000000
22661.250000 1.000000
22668.750000 1.000000
22676.250000 1.000000
22683.750000 1.000000
22691.250000 1.000000
22698.750000 1.000000
22706.250000 1.000000
22713.750000 1.000000
22721.250000 1.000000
22728.750000 1.000000
22736.250000 1.000000
22743.750000 1.000000
22751.250000 1.000000
22758.750000 1.000000
22766.250000 1.000000
22773.750000 1.000000
22781.250000 1.000000
22788.750000 1.000000
22796.250000 1.000000
22803.750000 1.000000
22811.250000 1.000000
22818.750000 1.000000
22826.250000 1.000000
22833.750000 1.000000
22841.250000 1.000000
22848.750000 1.000000
22856.250000 1.000000
22863.750000 1.000000
22871.250000 1.000000
22878.750000 1.000000
22886.250000 1.000000
22893.750000 1.000000
22901.250000 1.000000
22908.750000 1.000000
22916.250000 1.000000
22923.750000 1.000000
22931.250000 1.000000
22938.750000 1.000000
22946.250000 1.000000
22953.750000 1.000000
22961.250000 1.000000
22968.750000 1.000000
22976.250000 1.000000
22983.750000 1.000000
22991.250000 1.000000
22998.750000 1.000000
23006.250000 1.000000
23013.750000 1.000000
23021.250000 1.000000
23028.750000 1.000000
23036.250000 1.000000
23043.750000 1.000000
23051.250000 1.000000
23058.750000 1.000000
23066.250000 1.000000
23073.750000 1.000000
23081.250000 1.000000
23088.750000 1.000000
23096.250000 1.000000
23103.750000 1.000000
23111.250000 1.000000
23118.750000 1.000000
23126.250000 1.000000
23133.750000 1.000000
23141.250000 1.000000
23148.750000 1.000000
23156.250000 1.000000
23163.750000 1.000000
23171.250000 1.000000
23178.750000 1.000000
23186.250000 1.000000
23193.750000 1.000000
23201.250000 1.000000
23208.750000 1.000000
23216.250000 1.000000
23223.750000 1.000000
23231.250000 1.000000
23238.750000 1.000000
23246.250000 1.000000
23253.750000 1.000000
23261.250000 1.000000
23268.750000 1.000000
23276.250000 1.000000
23283.750000 1.000000
23291.250000 1.000000
23298.750000 1.000000
23306.250000 1.000000
23313.750000 1.000000
23321.250000 1.000000
23328.750000 1.000000
23336.250000 1.000000
23343.750000 1.000000
23351.250000 1.000000
23358.750000 1.000000
23366.250000 1.000000
23373.750000 1.000000
23381.250000 1.000000
23388.750000 1.000000
23396.250000 1.000000
23403.750000 1.000000
23411.250000 1.000000
23418.750000 1.000000
23426.250000 1.000000
23433.750000 1.000000
23441.250000 1.000000
23448.750000 1.000000
23456.250000 1.000000
23463.750000 1.000000
23471.250000 1.000000
23478.750000 1.000000
23486.250000 1.000000
23493.750000 1.000000
23501.250000 1.000000
23508.750000 1.000000
23516.250000 1.000000
23523.750000 1.000000
23531.250000 1.000000
23538.750000 1.000000
23546.250000 1.000000
23553.750000 1.000000
23561.250000 1.000000
23568.750000 1.000000
23576.250000 1.000000
23583.750000 1.000000
23591.250000 1.000000
23598.750000 1.000000
23606.250000 1.000000
23613.750000 1.000000
23621.250000 1.000000
23628.750000 1.000000
23636.250000 1.000000
23643.750000 1.000000
23651.250000 1.000000
23658.750000 1.000000
23666.250000 1.000000
23673.750000 1.000000
23681.250000 1.000000
23688.750000 1.000000
23696.250000 1.000000
23703.750000 1.000000
23711.250000 1.000000
23718.750000 1.000000
23726.250000 1.000000
23733.750000 1.000000
23741.250000 1.000000
23748.750000 1.000000
23756.250000 1.000000
23763.750000 1.000000
23771.250000 1.000000
23778.750000 1.000000
23786.250000 1.000000
23793.750000 1.000000
23801.250000 1.000000
23808.750000 1.000000
23816.250000 1.000000
23823.750000 1.000000
23831.250000 1.000000
23838.750000 1.000000
23846.250000 1.000000
23853.750000 1.000000
23861.250000 1.000000
23868.750000 1.000000
23876.250000 1.000000
23883.750000 1.000000
23891.250000 1.000000
23898.750000 1.000000
23906.250000 1.000000
23913.750000 1.000000
23921.250000 1.000000
23928.750000 1.000000
23936.250000 1.000000
23943.750000 1.000000
23951.250000 1.000000
23958.750000 1.000000
23966.250000 1.000000
23973.750000 1.000000
23981.250000 1.000000
23988.750000 1.000000
23996.250000 1.000000
24003.750000 1.000000
24011.250000 1.000000
24018.750000 1.000000
24026.250000 1.000000
24033.750000 1.000000
24041.250000 1.000000
24048.750000 1.000000
24056.250000 1.000000
24063.750000 1.000000
24071.250000 1.000000
24078.750000 1.000000
24086.250000 1.000000
24093.750000 1.000000
24101.250000 1.000000
24108.750000 1.000000
24116.250000 1.000000
24123.750000 1.000000
24131.250000 1.000000
24138.750000 1.000000
24146.250000 1.000000
24153.750000 1.000000
24161.250000 1.000000
24168.750000 1.000000
24176.250000 1.000000
24183.750000 1.000000
24191.250000 1.000000
24198.750000 1.000000
24206.250000 1.000000
24213.750000 1.000000
24221.250000 1.000000
24228.750000 1.000000
24236.250000 1.000000
24243.750000 1.000000
24251.250000 1.000000
24258.750000 1.000000
24266.250000 1.000000
24273.750000 1.000000
24281.250000 1.000000
24288.750000 1.000000
24296.250000 1.000000
24303.750000 1.000000
24311.250000 1.000000
24318.750000 1.000000
24326.250000 1.000000
24333.750000 1.000000
24341.250000 1.000000
24348.750000 1.000000
24356.250000 1.000000
24363.750000 1.000000
24371.250000 1.000000
24378.750000 1.000000
24386.250000 1.000000
24393.750000 1.000000
24401.250000 1.000000
24408.750000 1.000000
24416.250000 1.000000
24423.750000 1.000000
24431.250000 1.000000
24438.750000 1.000000
24446.250000 1.000000
24453.750000 1.000000
24461.250000 1.000000
24468.750000 1.000000
24476.250000 1.000000
24483.750000 1.000000
24491.250000 1.000000
24498.750000 1.000000
24506.250000 1.000000
24513.750000 1.000000
24521.250000 1.000000
24528.750000 1.000000
24536.250000 1.000000
24543.750000 1.000000
24551.250000 1.000000
24558.750000 1.000000
24566.250000 1.000000
24573.750000 1.000000
24581.250000 1.000000
24588.750000 1.000000
24596.250000 1.000000
24603.750000 1.000000
24611.250000 1.000000
24618.750000 1.000000
24626.250000 1.000000
24633.750000 1.000000
24641.250000 1.000000
24648.750000 1.000000
24656.250000 1.000000
24663.750000 1.000000
24671.250000 1.000000
24678.750000 1.000000
24686.250000 1.000000
24693.750000 1.000000
24701.250000 1.000000
24708.750000 1.000000
24716.250000 1.000000
24723.750000 1.000000
24731.250000 1.000000
24738.750000 1.000000
24746.250000 1.000000
24753.750000 1.000000
24761.250000 1.000000
24768.750000 1.000000
24776.250000 1.000000
24783.750000 1.000000
24791.250000 1.000000
24798.750000 1.000000
24806.250000 1.000000
24813.750000 1.000000
24821.250000 1.000000
24828.750000 1.000000
24836.250000 1.000000
24843.750000 1.000000
24851.250000 1.000000
24858.750000 1.000000
24866.250000 1.000000
24873.750000 1.000000
24881.250000 1.000000
24888.750000 1.000000
24896.250000 1.000000
24903.750000 1.000000
24911.250000 1.000000
24918.750000 1.000000
24926.250000 1.000000
24933.750000 1.000000
24941.250000 1.000000
24948.750000 1.000000
24956.250000 1.000000
24963.750000 1.000000
24971.250000 1.000000
24978.750000 1.000000
24986.250000 1.000000
24993.750000 1.000000
25001.250000 1.000000
25008.750000 1.000000
25016.250000 1.000000
25023.750000 1.000000
25031.250000 1.000000
25038.750000 1.000000
25046.250000 1.000000
25053.750000 1.000000
25061.250000 1.000000
25068.750000 1.000000
25076.250000 1.000000
25083.750000 1.000000
25091.250000 1.000000
25098.750000 1.000000
25106.250000 1.000000
25113.750000 1.000000
25121.250000 1.000000
25128.750000 1.000000
25136.250000 1.000000
25143.750000 1.000000
25151.250000 1.000000
25158.750000 1.000000
25166.250000 1.000000
25173.750000 1.000000
25181.250000 1.000000
25188.750000 1.000000
25196.250000 1.000000
25203.750000 1.000000
25211.250000 1.000000
25218.750000 1.000000
25226.250000 1.000000
25233.750000 1.000000
25241.250000 1.000000
25248.750000 1.000000
25256.250000 1.000000
25263.750000 1.000000
25271.250000 1.000000
25278.750000 1.000000
25286.250000 1.000000
25293.750000 1.000000
25301.250000 1.000000
25308.750000 1.000000
25316.250000 1.000000
25323.750000 1.000000
25331.250000 1.000000
25338.750000 1.000000
25346.250000 1.000000
25353.750000 1.000000
25361.250000 1.000000
25368.750000 1.000000
25376.250000 1.000000
25383.750000 1.000000
25391.250000 1.000000
25398.750000 1.000000
25406.250000 1.000000
25413.750000 1.000000
25421.250000 1.000000
25428.750000 1.000000
25436.250000 1.000000
25443.750000 1.000000
25451.250000 1.000000
25458.750000 1.000000
25466.250000 1.000000
25473.750000 1.000000
25481.250000 1.000000
25488.750000 1.000000
25496.250000 1.000000
25503.750000 1.000000
25511.250000 1.000000
25518.750000 1.000000
25526.250000 1.000000
25533.750000 1.000000
25541.250000 1.000000
25548.750000 1.000000
25556.250000 1.000000
25563.750000 1.000000
25571.250000 1.000000
25578.750000 1.000000
25586.250000 1.000000
25593.750000 1.000000
25601.250000 1.000000
25608.750000 1.000000
25616.250000 1.000000
25623.750000 1.000000
25631.250000 1.000000
25638.750000 1.000000
25646.250000 1.000000
25653.750000 1.000000
25661.250000 1.000000
25668.750000 1.000000
25676.250000 1.000000
25683.750000 1.000000
25691.250000 1.000000
25698.750000 1.000000
25706.250000 1.000000
25713.750000 1.000000
25721.250000 1.000000
25728.750000 1.000000
25736.250000 1.000000
25743.750000 1.000000
25751.250000 1.000000
25758.750000 1.000000
25766.250000 1.000000
25773.750000 1.000000
25781.250000 1.000000
25788.750000 1.000000
25796.250000 1.000000
25803.750000 1.000000
25811.250000 1.000000
25818.750000 1.000000
25826.250000 1.000000
25833.750000 1.000000
25841.250000 1.000000
25848.750000 1.000000
25856.250000 1.000000
25863.750000 1.000000
25871.250000 1.000000
25878.750000 1.000000
25886.250000 1.000000
25893.750000 1.000000
25901.250000 1.000000
25908.750000 1.000000
25916.250000 1.000000
25923.750000 1.000000
25931.250000 1.000000
25938.750000 1.000000
25946.250000 1.000000
25953.750000 1.000000
25961.250000 1.000000
25968.750000 1.000000
25976.250000 1.000000
25983.750000 1.000000
25991.250000 1.000000
25998.750000 1.000000
26006.250000 1.000000
26013.750000 1.000000
26021.250000 1.000000
26028.750000 1.000000
26036.250000 1.000000
26043.750000 1.000000
26051.250000 1.000000
26058.750000 1.000000
26066.250000 1.000000
26073.750000 1.000000
26081.250000 1.000000
26088.750000 1.000000
26096.250000 1.000000
26103.750000 1.000000
26111.250000 1.000000
26118.750000 1.000000
26126.250000 1.000000
26133.750000 1.000000
26141.250000 1.000000
26148.750000 1.000000
26156.250000 1.000000
26163.750000 1.000000
26171.250000 1.000000
26178.750000 1.000000
26186.250000 1.000000
26193.750000 1.000000
26201.250000 1.000000
26208.750000 1.000000
26216.250000 1.000000
26223.750000 1.000000
26231.250000 1.000000
26238.750000 1.000000
26246.250000 1.000000
26253.750000 1.000000
26261.250000 1.000000
26268.750000 1.000000
26276.250000 1.000000
26283.750000 1.000000
26291.250000 1.000000
26298.750000 1.000000
26306.250000 1.000000
26313.750000 1.000000
26321.250000 1.000000
26328.750000 1.000000
26336.250000 1.000000
26343.750000 1.000000
26351.250000 1.000000
26358.750000 1.000000
26366.250000 1.000000
26373.750000 1.000000
26381.250000 1.000000
26388.750000 1.000000
26396.250000 1.000000
26403.750000 1.000000
26411.250000 1.000000
26418.750000 1.000000
26426.250000 1.000000
26433.750000 1.000000
26441.250000 1.000000
26448.750000 1.000000
26456.250000 1.000000
26463.750000 1.000000
26471.250000 1.000000
26478.750000 1.000000
26486.250000 1.000000
26493.750000 1.000000
26501.250000 1.000000
26508.750000 1.000000
26516.250000 1.000000
26523.750000 1.000000
26531.250000 1.000000
26538.750000 1.000000
26546.250000 1.000000
26553.750000 1.000000
26561.250000 1.000000
26568.750000 1.000000
26576.250000 1.000000
26583.750000 1.000000
26591.250000 1.000000
26598.750000 1.000000
26606.250000 1.000000
26613.750000 1.000000
26621.250000 1.000000
26628.750000 1.000000
26636.250000 1.000000
26643.750000 1.000000
26651.250000 1.000000
26658.750000 1.000000
26666.250000 1.000000
26673.750000 1.000000
26681.250000 1.000000
26688.750000 1.000000
26696.250000 1.000000
26703.750000 1.000000
26711.250000 1.000000
26718.750000 1.000000
26726.250000 1.000000
26733.750000 1.000000
26741.250000 1.000000
26748.750000 1.000000
26756.250000 1.000000
26763.750000 1.000000
26771.250000 1.000000
26778.750000 1.000000
26786.250000 1.000000
26793.750000 1.000000
26801.250000 1.000000
26808.750000 1.000000
26816.250000 1.000000
26823.750000 1.000000
26831.250000 1.000000
26838.750000 1.000000
26846.250000 1.000000
26853.750000 1.000000
26861.250000 1.000000
26868.750000 1.000000
26876.250000 1.000000
26883.750000 1.000000
26891.250000 1.000000
26898.750000 1.000000
26906.250000 1.000000
26913.750000 1.000000
26921.250000 1.000000
26928.750000 1.000000
26936.250000 1.000000
26943.750000 1.000000
26951.250000 1.000000
26958.750000 1.000000
26966.250000 1.000000
26973.750000 1.000000
26981.250000 1.000000
26988.750000 1.000000
26996.250000 1.000000
27003.750000 1.000000
27011.250000 1.000000
27018.750000 1.000000
27026.250000 1.000000
27033.750000 1.000000
27041.250000 1.000000
27048.750000 1.000000
27056.250000 1.000000
27063.750000 1.000000
27071.250000 1.000000
27078.750000 1.000000
27086.250000 1.000000
27093.750000 1.000000
27101.250000 1.000000
27108.750000 1.000000
27116.250000 1.000000
27123.750000 1.000000
27131.250000 1.000000
27138.750000 1.000000
27146.250000 1.000000
27153.750000 1.000000
27161.250000 1.000000
27168.750000 1.000000
27176.250000 1.000000
27183.750000 1.000000
27191.250000 1.000000
27198.750000 1.000000
27206.250000 1.000000
27213.750000 1.000000
27221.250000 1.000000
27228.750000 1.000000
27236.250000 1.000000
27243.750000 1.000000
27251.250000 1.000000
27258.750000 1.000000
27266.250000 1.000000
27273.750000 1.000000
27281.250000 1.000000
27288.750000 1.000000
27296.250000 1.000000
27303.750000 1.000000
27311.250000 1.000000
27318.750000 1.000000
27326.250000 1.000000
27333.750000 1.000000
27341.250000 1.000000
27348.750000 1.000000
27356.250000 1.000000
27363.750000 1.000000
27371.250000 1.000000
27378.750000 1.000000
27386.250000 1.000000
27393.750000 1.000000
27401.250000 1.000000
27408.750000 1.000000
27416.250000 1.000000
27423.750000 1.000000
27431.250000 1.000000
27438.750000 1.000000
27446.250000 1.000000
27453.750000 1.000000
27461.250000 1.000000
27468.750000 1.000000
27476.250000 1.000000
27483.750000 1.000000
27491.250000 1.000000
27498.750000 1.000000
27506.250000 1.000000
27513.750000 1.000000
27521.250000 1.000000
27528.750000 1.000000
27536.250000 1.000000
27543.750000 1.000000
27551.250000 1.000000
27558.750000 1.000000
27566.250000 1.000000
27573.750000 1.000000
27581.250000 1.000000
27588.750000 1.000000
27596.250000 1.000000
27603.750000 1.000000
27611.250000 1.000000
27618.750000 1.000000
27626.250000 1.000000
27633.750000 1.000000
27641.250000 1.000000
27648.750000 1.000000
27656.250000 1.000000
27663.750000 1.000000
27671.250000 1.000000
27678.750000 1.000000
27686.250000 1.000000
27693.750000 1.000000
27701.250000 1.000000
27708.750000 1.000000
27716.250000 1.000000
27723.750000 1.000000
27731.250000 1.000000
27738.750000 1.000000
27746.250000 1.000000
27753.750000 1.000000
27761.250000 1.000000
27768.750000 1.000000
27776.250000 1.000000
27783.750000 1.000000
27791.250000 1.000000
27798.750000 1.000000
27806.250000 1.000000
27813.750000 1.000000
27821.250000 1.000000
27828.750000 1.000000
27836.250000 1.000000
27843.750000 1.000000
27851.250000 1.000000
27858.750000 1.000000
27866.250000 1.000000
27873.750000 1.000000
27881.250000 1.000000
27888.750000 1.000000
27896.250000 1.000000
27903.750000 1.000000
27911.250000 1.000000
27918.750000 1.000000
27926.250000 1.000000
27933.750000 1.000000
27941.250000 1.000000
27948.750000 1.000000
27956.250000 1.000000
27963.750000 1.000000
27971.250000 1.000000
27978.750000 1.000000
27986.250000 1.000000
27993.750000 1.000000
28001.250000 1.000000
28008.750000 1.000000
28016.250000 1.000000
28023.750000 1.000000
28031.250000 1.000000
28038.750000 1.000000
28046.250000 1.000000
28053.750000 1.000000
28061.250000 1.000000
28068.750000 1.000000
28076.250000 1.000000
28083.750000 1.000000
28091.250000 1.000000
28098.750000 1.000000
28106.250000 1.000000
28113.750000 1.000000
28121.250000 1.000000
28128.750000 1.000000
28136.250000 1.000000
28143.750000 1.000000
28151.250000 1.000000
28158.750000 1.000000
28166.250000 1.000000
28173.750000 1.000000
28181.250000 1.000000
28188.750000 1.000000
28196.250000 1.000000
28203.750000 1.000000
28211.250000 1.000000
28218.750000 1.000000
28226.250000 1.000000
28233.750000 1.000000
28241.250000 1.000000
28248.750000 1.000000
28256.250000 1.000000
28263.750000 1.000000
28271.250000 1.000000
28278.750000 1.000000
28286.250000 1.000000
28293.750000 1.000000
28301.250000 1.000000
28308.750000 1.000000
28316.250000 1.000000
28323.750000 1.000000
28331.250000 1.000000
28338.750000 1.000000
28346.250000 1.000000
28353.750000 1.000000
28361.250000 1.000000
28368.750000 1.000000
28376.250000 1.000000
28383.750000 1.000000
28391.250000 1.000000
28398.750000 1.000000
28406.250000 1.000000
28413.750000 1.000000
28421.250000 1.000000
28428.750000 1.000000
28436.250000 1.000000
28443.750000 1.000000
28451.250000 1.000000
28458.750000 1.000000
28466.250000 1.000000
28473.750000 1.000000
28481.250000 1.000000
28488.750000 1.000000
28496.250000 1.000000
28503.750000 1.000000
28511.250000 1.000000
28518.750000 1.000000
28526.250000 1.000000
28533.750000 1.000000
28541.250000 1.000000
28548.750000 1.000000
28556.250000 1.000000
28563.750000 1.000000
28571.250000 1.000000
28578.750000 1.000000
28586.250000 1.000000
28593.750000 1.000000
28601.250000 1.000000
28608.750000 1.000000
28616.250000 1.000000
28623.750000 1.000000
28631.250000 1.000000
28638.750000 1.000000
28646.250000 1.000000
28653.750000 1.000000
28661.250000 1.000000
28668.750000 1.000000
28676.250000 1.000000
28683.750000 1.000000
28691.250000 1.000000
28698.750000 1.000000
28706.250000 1.000000
28713.750000 1.000000
28721.250000 1.000000
28728.750000 1.000000
28736.250000 1.000000
28743.750000 1.000000
28751.250000 1.000000
28758.750000 1.000000
28766.250000 1.000000
28773.750000 1.000000
28781.250000 1.000000
28788.750000 1.000000
28796.250000 1.000000
28803.750000 1.000000
28811.250000 1.000000
28818.750000 1.000000
28826.250000 1.000000
28833.750000 1.000000
28841.250000 1.000000
28848.750000 1.000000
28856.250000 1.000000
28863.750000 1.000000
28871.250000 1.000000
28878.750000 1.000000
28886.250000 1.000000
28893.750000 1.000000
28901.250000 1.000000
28908.750000 1.000000
28916.250000 1.000000
28923.750000 1.000000
28931.250000 1.000000
28938.750000 1.000000
28946.250000 1.000000
28953.750000 1.000000
28961.250000 1.000000
28968.750000 1.000000
28976.250000 1.000000
28983.750000 1.000000
28991.250000 1.000000
28998.750000 1.000000
29006.250000 1.000000
29013.750000 1.000000
29021.250000 1.000000
29028.750000 1.000000
29036.250000 1.000000
29043.750000 1.000000
29051.250000 1.000000
29058.750000 1.000000
29066.250000 1.000000
29073.750000 1.000000
29081.250000 1.000000
29088.750000 1.000000
29096.250000 1.000000
29103.750000 1.000000
29111.250000 1.000000
29118.750000 1.000000
29126.250000 1.000000
29133.750000 1.000000
29141.250000 1.000000
29148.750000 1.000000
29156.250000 1.000000
29163.750000 1.000000
29171.250000 1.000000
29178.750000 1.000000
29186.250000 1.000000
29193.750000 1.000000
29201.250000 1.000000
29208.750000 1.000000
29216.250000 1.000000
29223.750000 1.000000
29231.250000 1.000000
29238.750000 1.000000
29246.250000 1.000000
29253.750000 1.000000
29261.250000 1.000000
29268.750000 1.000000
29276.250000 1.000000
29283.750000 1.000000
29291.250000 1.000000
29298.750000 1.000000
29306.250000 1.000000
29313.750000 1.000000
29321.250000 1.000000
29328.750000 1.000000
29336.250000 1.000000
29343.750000 1.000000
29351.250000 1.000000
29358.750000 1.000000
29366.250000 1.000000
29373.750000 1.000000
29381.250000 1.000000
29388.750000 1.000000
29396.250000 1.000000
29403.750000 1.000000
29411.250000 1.000000
29418.750000 1.000000
29426.250000 1.000000
29433.750000 1.000000
29441.250000 1.000000
29448.750000 1.000000
29456.250000 1.000000
29463.750000 1.000000
29471.250000 1.000000
29478.750000 1.000000
29486.250000 1.000000
29493.750000 1.000000
29501.250000 1.000000
29508.750000 1.000000
29516.250000 1.000000
29523.750000 1.000000
29531.250000 1.000000
29538.750000 1.000000
29546.250000 1.000000
29553.750000 1.000000
29561.250000 1.000000
29568.750000 1.000000
29576.250000 1.000000
29583.750000 1.000000
29591.250000 1.000000
29598.750000 1.000000
29606.250000 1.000000
29613.750000 1.000000
29621.250000 1.000000
29628.750000 1.000000
29636.250000 1.000000
29643.750000 1.000000
29651.250000 1.000000
29658.750000 1.000000
29666.250000 1.000000
29673.750000 1.000000
29681.250000 1.000000
29688.750000 1.000000
29696.250000 1.000000
29703.750000 1.000000
29711.250000 1.000000
29718.750000 1.000000
29726.250000 1.000000
29733.750000 1.000000
29741.250000 1.000000
29748.750000 1.000000
29756.250000 1.000000
29763.750000 1.000000
29771.250000 1.000000
29778.750000 1.000000
29786.250000 1.000000
29793.750000 1.000000
29801.250000 1.000000
29808.750000 1.000000
29816.250000 1.000000
29823.750000 1.000000
29831.250000 1.000000
29838.750000 1.000000
29846.250000 1.000000
29853.750000 1.000000
29861.250000 1.000000
29868.750000 1.000000
29876.250000 1.000000
29883.750000 1.000000
29891.250000 1.000000
29898.750000 1.000000
29906.250000 1.000000
