instrument: visibility lidar-1030nm
measurement time: 2026-05-03 00:00:30

Height(m); 消光系数(km-1); 能见度(km)
7.5; -9999.00000; -9999.00
22.5; -9999.00000; -9999.00
37.5; -9999.00000; -9999.00
52.5; -9999.00000; -9999.00
67.5; -9999.00000; -9999.00
82.5; -9999.00000; -9999.00
97.5; -9999.00000; -9999.00
112.5; -9999.00000; -9999.00
127.5; -9999.00000; -9999.00
142.5; -9999.00000; -9999.00
157.5; -9999.00000; -9999.00
172.5; -9999.00000; -9999.00
187.5; -9999.00000; -9999.00
202.5; -9999.00000; -9999.00
217.5; -9999.00000; -9999.00
232.5; -9999.00000; -9999.00
247.5; -9999.00000; -9999.00
262.5; -9999.00000; -9999.00
277.5; -9999.00000; -9999.00
292.5; -9999.00000; -9999.00
307.5; -9999.00000; -9999.00
322.5; -9999.00000; -9999.00
337.5; -9999.00000; -9999.00
352.5; -9999.00000; -9999.00
367.5; -9999.00000; -9999.00
382.5; -9999.00000; -9999.00
397.5; -9999.00000; -9999.00
412.5; -9999.00000; -9999.00
427.5; -9999.00000; -9999.00
442.5; -9999.00000; -9999.00
457.5; -9999.00000; -9999.00
472.5; -9999.00000; -9999.00
487.5; -9999.00000; -9999.00
502.5; -9999.00000; -9999.00
517.5; 0.53655; 5.58
532.5; 0.54622; 5.48
547.5; 0.56685; 5.28
562.5; 0.58698; 5.10
577.5; 0.59552; 5.03
592.5; 0.60321; 4.97
607.5; 0.61460; 4.87
622.5; 0.63606; 4.71
637.5; 0.63452; 4.72
652.5; 0.63837; 4.69
667.5; 0.65206; 4.59
682.5; 0.66897; 4.48
697.5; 0.69113; 4.33
712.5; 0.71497; 4.19
727.5; 0.71251; 4.20
742.5; 0.69294; 4.32
757.5; 0.68563; 4.37
772.5; 0.68610; 4.37
787.5; 0.68959; 4.34
802.5; 0.68486; 4.37
817.5; 0.68754; 4.36
832.5; 0.69675; 4.30
847.5; 0.69647; 4.30
862.5; 0.71619; 4.18
877.5; 0.73211; 4.09
892.5; 0.75643; 3.96
907.5; 0.78498; 3.82
922.5; 0.81248; 3.69
937.5; 0.82377; 3.64
952.5; 0.81297; 3.68
967.5; 0.79765; 3.76
982.5; 0.80681; 3.71
997.5; 0.83206; 3.60
1012.5; 0.84190; 3.56
1027.5; 0.84396; 3.55
1042.5; 0.84692; 3.54
1057.5; 0.83247; 3.60
1072.5; 0.79838; 3.75
1087.5; 0.80230; 3.73
1102.5; 0.81563; 3.67
1117.5; 0.83761; 3.58
1132.5; 0.84048; 3.56
1147.5; 0.84458; 3.55
1162.5; 0.83725; 3.58
1177.5; 0.83627; 3.58
1192.5; 0.84191; 3.56
1207.5; 0.85631; 3.50
1222.5; 0.87051; 3.44
1237.5; 0.87992; 3.40
1252.5; 0.88524; 3.38
1267.5; 0.90816; 3.30
1282.5; 0.92745; 3.23
1297.5; 0.93873; 3.19
1312.5; 0.93596; 3.20
1327.5; 0.90991; 3.29
1342.5; 0.90546; 3.31
1357.5; 0.89881; 3.33
1372.5; 0.89897; 3.33
1387.5; 0.91485; 3.27
1402.5; 0.95414; 3.14
1417.5; 0.96503; 3.10
1432.5; 0.98773; 3.03
1447.5; 1.01123; 2.96
1462.5; 1.03439; 2.90
1477.5; 1.03643; 2.89
1492.5; 1.04231; 2.87
1507.5; 1.04362; 2.87
1522.5; 1.06374; 2.82
1537.5; 1.07105; 2.80
1552.5; 1.06833; 2.80
1567.5; 1.04411; 2.87
1582.5; 1.02902; 2.91
1597.5; 1.02315; 2.93
1612.5; 1.04166; 2.88
1627.5; 1.08998; 2.75
1642.5; 1.11273; 2.69
1657.5; 1.10663; 2.71
1672.5; 1.12107; 2.67
1687.5; 1.13203; 2.65
1702.5; 1.18093; 2.54
1717.5; 1.19717; 2.50
1732.5; 1.22848; 2.44
1747.5; 1.27981; 2.34
1762.5; 1.31388; 2.28
1777.5; 1.32922; 2.25
1792.5; 1.30002; 2.30
1807.5; 1.29971; 2.30
1822.5; 1.29759; 2.31
1837.5; 1.28229; 2.34
1852.5; 1.28050; 2.34
1867.5; 1.26013; 2.38
1882.5; 1.24147; 2.41
1897.5; 1.24329; 2.41
1912.5; 1.24563; 2.40
1927.5; 1.26573; 2.37
1942.5; 1.28714; 2.33
1957.5; 1.31511; 2.28
1972.5; 1.35254; 2.21
1987.5; 1.39525; 2.15
2002.5; 1.40115; 2.14
2017.5; 1.41829; 2.11
2032.5; 1.40888; 2.13
2047.5; 1.39320; 2.15
2062.5; 1.37226; 2.18
2077.5; 1.38813; 2.16
2092.5; 1.39715; 2.14
2107.5; 1.41416; 2.12
2122.5; 1.43322; 2.09
2137.5; 1.41928; 2.11
2152.5; 1.46298; 2.05
2167.5; 1.46276; 2.05
2182.5; 1.56000; 1.92
2197.5; 1.64140; 1.83
2212.5; 1.65905; 1.81
2227.5; 1.66612; 1.80
2242.5; 1.61527; 1.85
2257.5; 1.56460; 1.91
2272.5; 1.58430; 1.89
2287.5; 1.55299; 1.93
2302.5; 1.58862; 1.89
2317.5; 1.52338; 1.97
2332.5; 1.45400; 2.06
2347.5; 1.42178; 2.11
2362.5; 1.48001; 2.02
2377.5; 1.45441; 2.06
2392.5; 1.40755; 2.13
2407.5; 1.42548; 2.10
2422.5; 1.40826; 2.13
2437.5; 1.41977; 2.11
2452.5; 1.44628; 2.07
2467.5; 1.47778; 2.03
2482.5; 1.44712; 2.07
2497.5; 1.39795; 2.14
2512.5; 1.40596; 2.13
2527.5; 1.44132; 2.08
2542.5; 1.37344; 2.18
2557.5; 1.39059; 2.15
2572.5; 1.38111; 2.17
2587.5; 1.44832; 2.07
2602.5; 1.46009; 2.05
2617.5; 1.52993; 1.96
2632.5; 1.59846; 1.87
2647.5; 1.64877; 1.82
2662.5; 1.58917; 1.89
2677.5; 1.61164; 1.86
2692.5; 1.57676; 1.90
2707.5; 1.51224; 1.98
2722.5; 1.55695; 1.92
2737.5; 1.62138; 1.85
2752.5; 1.67173; 1.79
2767.5; 1.73351; 1.73
2782.5; 1.76212; 1.70
2797.5; 1.79130; 1.67
2812.5; 1.85202; 1.62
2827.5; 1.76315; 1.70
2842.5; 1.68313; 1.78
2857.5; 1.69483; 1.77
2872.5; 1.69149; 1.77
2887.5; 1.73362; 1.73
2902.5; 1.77453; 1.69
2917.5; 1.68332; 1.78
2932.5; 1.46950; 2.04
2947.5; 1.47128; 2.04
2962.5; 1.54281; 1.94
2977.5; 1.65542; 1.81
2992.5; 1.76390; 1.70
3007.5; 1.71367; 1.75
3022.5; 1.68555; 1.78
3037.5; 1.80585; 1.66
3052.5; 1.90670; 1.57
3067.5; 1.89529; 1.58
3082.5; 1.78015; 1.68
3097.5; 1.75959; 1.70
3112.5; 1.61894; 1.85
3127.5; 1.53943; 1.95
3142.5; 1.62962; 1.84
3157.5; 1.73774; 1.72
3172.5; 1.84178; 1.63
3187.5; 1.64172; 1.82
3202.5; 1.62313; 1.85
3217.5; 1.60544; 1.87
3232.5; 1.56714; 1.91
3247.5; 1.48273; 2.02
3262.5; 1.42987; 2.10
3277.5; 1.53680; 1.95
3292.5; 1.64350; 1.82
3307.5; 1.66994; 1.79
3322.5; 1.45209; 2.06
3337.5; 1.47219; 2.03
3352.5; 1.31728; 2.27
3367.5; 1.27722; 2.35
3382.5; 1.24201; 2.41
3397.5; 1.28459; 2.33
3412.5; 1.29706; 2.31
3427.5; 1.26804; 2.36
3442.5; 1.34569; 2.23
3457.5; 1.18295; 2.53
3472.5; 1.35257; 2.21
3487.5; 1.39065; 2.15
3502.5; 1.24926; 2.40
3517.5; 1.26288; 2.37
3532.5; 1.34980; 2.22
3547.5; 1.21956; 2.46
3562.5; 1.19864; 2.50
3577.5; 1.27962; 2.34
3592.5; 1.20354; 2.49
3607.5; 1.18472; 2.53
3622.5; 1.03802; 2.89
3637.5; 1.00292; 2.99
3652.5; 1.14227; 2.62
3667.5; 1.14562; 2.61
3682.5; 1.19511; 2.51
3697.5; 1.18771; 2.52
3712.5; 1.23857; 2.42
3727.5; 1.30454; 2.30
3742.5; 1.30829; 2.29
3757.5; 1.25777; 2.38
3772.5; 1.39394; 2.15
3787.5; 1.44892; 2.07
3802.5; 1.54082; 1.94
3817.5; 1.42732; 2.10
3832.5; 2.16169; 1.39
3847.5; 1.96746; 1.52
3862.5; 2.45641; 1.22
3877.5; 3.36754; 0.89
3892.5; 2.03878; 1.47
3907.5; 1.71927; 1.74
3922.5; 1.75911; 1.70
3937.5; 2.15874; 1.39
3952.5; 1.68157; 1.78
3967.5; 2.03898; 1.47
3982.5; 1.89966; 1.58
3997.5; 0.84673; 3.54
4012.5; 0.81138; 3.69
4027.5; 0.70816; 4.23
4042.5; 0.77279; 3.88
4057.5; 0.70409; 4.25
4072.5; 0.57838; 5.18
4087.5; 0.70293; 4.26
4102.5; 0.87887; 3.41
4117.5; 0.82049; 3.65
4132.5; 0.66706; 4.49
4147.5; 0.63044; 4.75
4162.5; 0.76393; 3.92
4177.5; 0.77482; 3.87
4192.5; 1.23251; 2.43
4207.5; 3.19190; 0.94
4222.5; 1.76903; 1.69
4237.5; 0.68950; 4.34
4252.5; 0.52319; 5.73
4267.5; 0.50583; 5.92
4282.5; 0.51330; 5.84
4297.5; 0.55993; 5.35
4312.5; 0.38837; 7.71
4327.5; 0.76355; 3.92
4342.5; 1.82469; 1.64
4357.5; 2.91310; 1.03
4372.5; 5.71936; 0.52
4387.5; 3.66783; 0.82
4402.5; 1.02458; 2.92
4417.5; 0.86970; 3.44
4432.5; 0.68196; 4.39
4447.5; 0.53445; 5.61
4462.5; 0.46796; 6.40
4477.5; 0.45558; 6.58
4492.5; 0.38537; 7.77
4507.5; 0.42245; 7.09
4522.5; 0.48682; 6.15
4537.5; 0.41413; 7.23
4552.5; 0.51350; 5.83
4567.5; 0.41874; 7.15
4582.5; 0.45865; 6.53
4597.5; 0.59086; 5.07
4612.5; 0.34438; 8.70
4627.5; 0.47765; 6.27
4642.5; 0.59360; 5.05
4657.5; 0.41042; 7.30
4672.5; 0.44558; 6.72
4687.5; 0.45147; 6.64
4702.5; 0.34993; 8.56
4717.5; 0.37733; 7.94
4732.5; 0.38190; 7.84
4747.5; 0.34676; 8.64
4762.5; 0.43130; 6.95
4777.5; 0.34716; 8.63
4792.5; 0.51626; 5.80
4807.5; 0.34778; 8.61
4822.5; 0.37716; 7.94
4837.5; 0.49307; 6.08
4852.5; 0.34354; 8.72
4867.5; 0.49676; 6.03
4882.5; 0.43232; 6.93
4897.5; 0.32970; 9.09
4912.5; 0.43360; 6.91
4927.5; 0.59628; 5.02
4942.5; 0.48329; 6.20
4957.5; 0.47078; 6.36
4972.5; 0.57339; 5.22
4987.5; 0.35713; 8.39
5002.5; 0.40071; 7.48
5017.5; 0.29573; 10.13
5032.5; 0.31900; 9.39
5047.5; 0.32245; 9.29
5062.5; 0.37749; 7.94
5077.5; 0.42364; 7.07
5092.5; 0.58761; 5.10
5107.5; 0.36021; 8.32
5122.5; 0.44020; 6.81
5137.5; 0.32500; 9.22
5152.5; 0.48387; 6.19
5167.5; 0.36654; 8.17
5182.5; 0.46170; 6.49
5197.5; 0.45610; 6.57
5212.5; 0.59043; 5.07
5227.5; 0.38586; 7.76
5242.5; 0.31857; 9.40
5257.5; 0.44287; 6.76
5272.5; 0.48517; 6.17
5287.5; 0.25589; 11.71
5302.5; 0.34588; 8.66
5317.5; 0.59048; 5.07
5332.5; 0.44470; 6.74
5347.5; 0.54139; 5.53
5362.5; 0.37733; 7.94
5377.5; 0.38161; 7.85
5392.5; 0.45341; 6.61
5407.5; 0.52742; 5.68
5422.5; 0.20264; 14.78
5437.5; 0.62318; 4.81
5452.5; 0.40550; 7.39
5467.5; 0.32429; 9.24
5482.5; 0.47247; 6.34
5497.5; 0.52251; 5.73
5512.5; 0.27692; 10.82
5527.5; 0.45953; 6.52
5542.5; 0.45004; 6.66
5557.5; 0.65589; 4.57
5572.5; 0.36890; 8.12
5587.5; 0.53089; 5.64
5602.5; 0.47397; 6.32
5617.5; 0.26951; 11.12
5632.5; 0.27205; 11.01
5647.5; 0.65448; 4.58
5662.5; 0.42947; 6.98
5677.5; 0.68941; 4.35
5692.5; 0.54486; 5.50
5707.5; 0.56975; 5.26
5722.5; 0.59544; 5.03
5737.5; 0.35247; 8.50
5752.5; 0.61039; 4.91
5767.5; 0.36138; 8.29
5782.5; 0.70056; 4.28
5797.5; 0.40880; 7.33
5812.5; 0.68145; 4.40
5827.5; 0.53640; 5.58
5842.5; 0.44514; 6.73
5857.5; 0.74965; 4.00
5872.5; 0.70113; 4.27
5887.5; 0.65037; 4.61
5902.5; 0.22223; 13.48
5917.5; -9999.00000; -9999.00
5932.5; -9999.00000; -9999.00
5947.5; -9999.00000; -9999.00
5962.5; -9999.00000; -9999.00
5977.5; -9999.00000; -9999.00
5992.5; -9999.00000; -9999.00
6007.5; -9999.00000; -9999.00
6022.5; -9999.00000; -9999.00
6037.5; -9999.00000; -9999.00
6052.5; -9999.00000; -9999.00
6067.5; -9999.00000; -9999.00
6082.5; -9999.00000; -9999.00
6097.5; -9999.00000; -9999.00
6112.5; -9999.00000; -9999.00
6127.5; -9999.00000; -9999.00
6142.5; -9999.00000; -9999.00
6157.5; -9999.00000; -9999.00
6172.5; -9999.00000; -9999.00
6187.5; -9999.00000; -9999.00
6202.5; -9999.00000; -9999.00
6217.5; -9999.00000; -9999.00
6232.5; -9999.00000; -9999.00
6247.5; -9999.00000; -9999.00
6262.5; -9999.00000; -9999.00
6277.5; -9999.00000; -9999.00
6292.5; -9999.00000; -9999.00
6307.5; -9999.00000; -9999.00
6322.5; -9999.00000; -9999.00
6337.5; -9999.00000; -9999.00
6352.5; -9999.00000; -9999.00
6367.5; -9999.00000; -9999.00
6382.5; -9999.00000; -9999.00
6397.5; -9999.00000; -9999.00
6412.5; -9999.00000; -9999.00
6427.5; -9999.00000; -9999.00
6442.5; -9999.00000; -9999.00
6457.5; -9999.00000; -9999.00
6472.5; -9999.00000; -9999.00
6487.5; -9999.00000; -9999.00
6502.5; -9999.00000; -9999.00
6517.5; -9999.00000; -9999.00
6532.5; -9999.00000; -9999.00
6547.5; -9999.00000; -9999.00
6562.5; -9999.00000; -9999.00
6577.5; -9999.00000; -9999.00
6592.5; -9999.00000; -9999.00
6607.5; -9999.00000; -9999.00
6622.5; -9999.00000; -9999.00
6637.5; -9999.00000; -9999.00
6652.5; -9999.00000; -9999.00
6667.5; -9999.00000; -9999.00
6682.5; -9999.00000; -9999.00
6697.5; -9999.00000; -9999.00
6712.5; -9999.00000; -9999.00
6727.5; -9999.00000; -9999.00
6742.5; -9999.00000; -9999.00
6757.5; -9999.00000; -9999.00
6772.5; -9999.00000; -9999.00
6787.5; -9999.00000; -9999.00
6802.5; -9999.00000; -9999.00
6817.5; -9999.00000; -9999.00
6832.5; -9999.00000; -9999.00
6847.5; -9999.00000; -9999.00
6862.5; -9999.00000; -9999.00
6877.5; -9999.00000; -9999.00
6892.5; -9999.00000; -9999.00
6907.5; -9999.00000; -9999.00
6922.5; -9999.00000; -9999.00
6937.5; -9999.00000; -9999.00
6952.5; -9999.00000; -9999.00
6967.5; -9999.00000; -9999.00
6982.5; -9999.00000; -9999.00
6997.5; -9999.00000; -9999.00
7012.5; -9999.00000; -9999.00
7027.5; -9999.00000; -9999.00
7042.5; -9999.00000; -9999.00
7057.5; -9999.00000; -9999.00
7072.5; -9999.00000; -9999.00
7087.5; -9999.00000; -9999.00
7102.5; -9999.00000; -9999.00
7117.5; -9999.00000; -9999.00
7132.5; -9999.00000; -9999.00
7147.5; -9999.00000; -9999.00
7162.5; -9999.00000; -9999.00
7177.5; -9999.00000; -9999.00
7192.5; -9999.00000; -9999.00
7207.5; -9999.00000; -9999.00
7222.5; -9999.00000; -9999.00
7237.5; -9999.00000; -9999.00
7252.5; -9999.00000; -9999.00
7267.5; -9999.00000; -9999.00
7282.5; -9999.00000; -9999.00
7297.5; -9999.00000; -9999.00
7312.5; -9999.00000; -9999.00
7327.5; -9999.00000; -9999.00
7342.5; -9999.00000; -9999.00
7357.5; -9999.00000; -9999.00
7372.5; -9999.00000; -9999.00
7387.5; -9999.00000; -9999.00
7402.5; -9999.00000; -9999.00
7417.5; -9999.00000; -9999.00
7432.5; -9999.00000; -9999.00
7447.5; -9999.00000; -9999.00
7462.5; -9999.00000; -9999.00
7477.5; -9999.00000; -9999.00
7492.5; -9999.00000; -9999.00
7507.5; -9999.00000; -9999.00
7522.5; -9999.00000; -9999.00
7537.5; -9999.00000; -9999.00
7552.5; -9999.00000; -9999.00
7567.5; -9999.00000; -9999.00
7582.5; -9999.00000; -9999.00
7597.5; -9999.00000; -9999.00
7612.5; -9999.00000; -9999.00
7627.5; -9999.00000; -9999.00
7642.5; -9999.00000; -9999.00
7657.5; -9999.00000; -9999.00
7672.5; -9999.00000; -9999.00
7687.5; -9999.00000; -9999.00
7702.5; -9999.00000; -9999.00
7717.5; -9999.00000; -9999.00
7732.5; -9999.00000; -9999.00
7747.5; -9999.00000; -9999.00
7762.5; -9999.00000; -9999.00
7777.5; -9999.00000; -9999.00
7792.5; -9999.00000; -9999.00
7807.5; -9999.00000; -9999.00
7822.5; -9999.00000; -9999.00
7837.5; -9999.00000; -9999.00
7852.5; -9999.00000; -9999.00
7867.5; -9999.00000; -9999.00
7882.5; -9999.00000; -9999.00
7897.5; -9999.00000; -9999.00
7912.5; -9999.00000; -9999.00
7927.5; -9999.00000; -9999.00
7942.5; -9999.00000; -9999.00
7957.5; -9999.00000; -9999.00
7972.5; -9999.00000; -9999.00
7987.5; -9999.00000; -9999.00
8002.5; -9999.00000; -9999.00
8017.5; -9999.00000; -9999.00
8032.5; -9999.00000; -9999.00
8047.5; -9999.00000; -9999.00
8062.5; -9999.00000; -9999.00
8077.5; -9999.00000; -9999.00
8092.5; -9999.00000; -9999.00
8107.5; -9999.00000; -9999.00
8122.5; -9999.00000; -9999.00
8137.5; -9999.00000; -9999.00
8152.5; -9999.00000; -9999.00
8167.5; -9999.00000; -9999.00
8182.5; -9999.00000; -9999.00
8197.5; -9999.00000; -9999.00
8212.5; -9999.00000; -9999.00
8227.5; -9999.00000; -9999.00
8242.5; -9999.00000; -9999.00
8257.5; -9999.00000; -9999.00
8272.5; -9999.00000; -9999.00
8287.5; -9999.00000; -9999.00
8302.5; -9999.00000; -9999.00
8317.5; -9999.00000; -9999.00
8332.5; -9999.00000; -9999.00
8347.5; -9999.00000; -9999.00
8362.5; -9999.00000; -9999.00
8377.5; -9999.00000; -9999.00
8392.5; -9999.00000; -9999.00
8407.5; -9999.00000; -9999.00
8422.5; -9999.00000; -9999.00
8437.5; -9999.00000; -9999.00
8452.5; -9999.00000; -9999.00
8467.5; -9999.00000; -9999.00
8482.5; -9999.00000; -9999.00
8497.5; -9999.00000; -9999.00
8512.5; -9999.00000; -9999.00
8527.5; -9999.00000; -9999.00
8542.5; -9999.00000; -9999.00
8557.5; -9999.00000; -9999.00
8572.5; -9999.00000; -9999.00
8587.5; -9999.00000; -9999.00
8602.5; -9999.00000; -9999.00
8617.5; -9999.00000; -9999.00
8632.5; -9999.00000; -9999.00
8647.5; -9999.00000; -9999.00
8662.5; -9999.00000; -9999.00
8677.5; -9999.00000; -9999.00
8692.5; -9999.00000; -9999.00
8707.5; -9999.00000; -9999.00
8722.5; -9999.00000; -9999.00
8737.5; -9999.00000; -9999.00
8752.5; -9999.00000; -9999.00
8767.5; -9999.00000; -9999.00
8782.5; -9999.00000; -9999.00
8797.5; -9999.00000; -9999.00
8812.5; -9999.00000; -9999.00
8827.5; -9999.00000; -9999.00
8842.5; -9999.00000; -9999.00
8857.5; -9999.00000; -9999.00
8872.5; -9999.00000; -9999.00
8887.5; -9999.00000; -9999.00
8902.5; -9999.00000; -9999.00
8917.5; -9999.00000; -9999.00
8932.5; -9999.00000; -9999.00
8947.5; -9999.00000; -9999.00
8962.5; -9999.00000; -9999.00
8977.5; -9999.00000; -9999.00
8992.5; -9999.00000; -9999.00
9007.5; -9999.00000; -9999.00
9022.5; -9999.00000; -9999.00
9037.5; -9999.00000; -9999.00
9052.5; -9999.00000; -9999.00
9067.5; -9999.00000; -9999.00
9082.5; -9999.00000; -9999.00
9097.5; -9999.00000; -9999.00
9112.5; -9999.00000; -9999.00
9127.5; -9999.00000; -9999.00
9142.5; -9999.00000; -9999.00
9157.5; -9999.00000; -9999.00
9172.5; -9999.00000; -9999.00
9187.5; -9999.00000; -9999.00
9202.5; -9999.00000; -9999.00
9217.5; -9999.00000; -9999.00
9232.5; -9999.00000; -9999.00
9247.5; -9999.00000; -9999.00
9262.5; -9999.00000; -9999.00
9277.5; -9999.00000; -9999.00
9292.5; -9999.00000; -9999.00
9307.5; -9999.00000; -9999.00
9322.5; -9999.00000; -9999.00
9337.5; -9999.00000; -9999.00
9352.5; -9999.00000; -9999.00
9367.5; -9999.00000; -9999.00
9382.5; -9999.00000; -9999.00
9397.5; -9999.00000; -9999.00
9412.5; -9999.00000; -9999.00
9427.5; -9999.00000; -9999.00
9442.5; -9999.00000; -9999.00
9457.5; -9999.00000; -9999.00
9472.5; -9999.00000; -9999.00
9487.5; -9999.00000; -9999.00
9502.5; -9999.00000; -9999.00
9517.5; -9999.00000; -9999.00
9532.5; -9999.00000; -9999.00
9547.5; -9999.00000; -9999.00
9562.5; -9999.00000; -9999.00
9577.5; -9999.00000; -9999.00
9592.5; -9999.00000; -9999.00
9607.5; -9999.00000; -9999.00
9622.5; -9999.00000; -9999.00
9637.5; -9999.00000; -9999.00
9652.5; -9999.00000; -9999.00
9667.5; -9999.00000; -9999.00
9682.5; -9999.00000; -9999.00
9697.5; -9999.00000; -9999.00
9712.5; -9999.00000; -9999.00
9727.5; -9999.00000; -9999.00
9742.5; -9999.00000; -9999.00
9757.5; -9999.00000; -9999.00
9772.5; -9999.00000; -9999.00
9787.5; -9999.00000; -9999.00
9802.5; -9999.00000; -9999.00
9817.5; -9999.00000; -9999.00
9832.5; -9999.00000; -9999.00
9847.5; -9999.00000; -9999.00
9862.5; -9999.00000; -9999.00
9877.5; -9999.00000; -9999.00
9892.5; -9999.00000; -9999.00
9907.5; -9999.00000; -9999.00
9922.5; -9999.00000; -9999.00
9937.5; -9999.00000; -9999.00
9952.5; -9999.00000; -9999.00
9967.5; -9999.00000; -9999.00
9982.5; -9999.00000; -9999.00
9997.5; -9999.00000; -9999.00
10012.5; -9999.00000; -9999.00
10027.5; -9999.00000; -9999.00
10042.5; -9999.00000; -9999.00
10057.5; -9999.00000; -9999.00
10072.5; -9999.00000; -9999.00
10087.5; -9999.00000; -9999.00
10102.5; -9999.00000; -9999.00
10117.5; -9999.00000; -9999.00
10132.5; -9999.00000; -9999.00
10147.5; -9999.00000; -9999.00
10162.5; -9999.00000; -9999.00
10177.5; -9999.00000; -9999.00
10192.5; -9999.00000; -9999.00
10207.5; -9999.00000; -9999.00
10222.5; -9999.00000; -9999.00
10237.5; -9999.00000; -9999.00
10252.5; -9999.00000; -9999.00
10267.5; -9999.00000; -9999.00
10282.5; -9999.00000; -9999.00
10297.5; -9999.00000; -9999.00
10312.5; -9999.00000; -9999.00
10327.5; -9999.00000; -9999.00
10342.5; -9999.00000; -9999.00
10357.5; -9999.00000; -9999.00
10372.5; -9999.00000; -9999.00
10387.5; -9999.00000; -9999.00
10402.5; -9999.00000; -9999.00
10417.5; -9999.00000; -9999.00
10432.5; -9999.00000; -9999.00
10447.5; -9999.00000; -9999.00
10462.5; -9999.00000; -9999.00
10477.5; -9999.00000; -9999.00
10492.5; -9999.00000; -9999.00
10507.5; -9999.00000; -9999.00
10522.5; -9999.00000; -9999.00
10537.5; -9999.00000; -9999.00
10552.5; -9999.00000; -9999.00
10567.5; -9999.00000; -9999.00
10582.5; -9999.00000; -9999.00
10597.5; -9999.00000; -9999.00
10612.5; -9999.00000; -9999.00
10627.5; -9999.00000; -9999.00
10642.5; -9999.00000; -9999.00
10657.5; -9999.00000; -9999.00
10672.5; -9999.00000; -9999.00
10687.5; -9999.00000; -9999.00
10702.5; -9999.00000; -9999.00
10717.5; -9999.00000; -9999.00
10732.5; -9999.00000; -9999.00
10747.5; -9999.00000; -9999.00
10762.5; -9999.00000; -9999.00
10777.5; -9999.00000; -9999.00
10792.5; -9999.00000; -9999.00
10807.5; -9999.00000; -9999.00
10822.5; -9999.00000; -9999.00
10837.5; -9999.00000; -9999.00
10852.5; -9999.00000; -9999.00
10867.5; -9999.00000; -9999.00
10882.5; -9999.00000; -9999.00
10897.5; -9999.00000; -9999.00
10912.5; -9999.00000; -9999.00
10927.5; -9999.00000; -9999.00
10942.5; -9999.00000; -9999.00
10957.5; -9999.00000; -9999.00
10972.5; -9999.00000; -9999.00
10987.5; -9999.00000; -9999.00
11002.5; -9999.00000; -9999.00
11017.5; -9999.00000; -9999.00
11032.5; -9999.00000; -9999.00
11047.5; -9999.00000; -9999.00
11062.5; -9999.00000; -9999.00
11077.5; -9999.00000; -9999.00
11092.5; -9999.00000; -9999.00
11107.5; -9999.00000; -9999.00
11122.5; -9999.00000; -9999.00
11137.5; -9999.00000; -9999.00
11152.5; -9999.00000; -9999.00
11167.5; -9999.00000; -9999.00
11182.5; -9999.00000; -9999.00
11197.5; -9999.00000; -9999.00
11212.5; -9999.00000; -9999.00
11227.5; -9999.00000; -9999.00
11242.5; -9999.00000; -9999.00
11257.5; -9999.00000; -9999.00
11272.5; -9999.00000; -9999.00
11287.5; -9999.00000; -9999.00
11302.5; -9999.00000; -9999.00
11317.5; -9999.00000; -9999.00
11332.5; -9999.00000; -9999.00
11347.5; -9999.00000; -9999.00
11362.5; -9999.00000; -9999.00
11377.5; -9999.00000; -9999.00
11392.5; -9999.00000; -9999.00
11407.5; -9999.00000; -9999.00
11422.5; -9999.00000; -9999.00
11437.5; -9999.00000; -9999.00
11452.5; -9999.00000; -9999.00
11467.5; -9999.00000; -9999.00
11482.5; -9999.00000; -9999.00
11497.5; -9999.00000; -9999.00
11512.5; -9999.00000; -9999.00
11527.5; -9999.00000; -9999.00
11542.5; -9999.00000; -9999.00
11557.5; -9999.00000; -9999.00
11572.5; -9999.00000; -9999.00
11587.5; -9999.00000; -9999.00
11602.5; -9999.00000; -9999.00
11617.5; -9999.00000; -9999.00
11632.5; -9999.00000; -9999.00
11647.5; -9999.00000; -9999.00
11662.5; -9999.00000; -9999.00
11677.5; -9999.00000; -9999.00
11692.5; -9999.00000; -9999.00
11707.5; -9999.00000; -9999.00
11722.5; -9999.00000; -9999.00
11737.5; -9999.00000; -9999.00
11752.5; -9999.00000; -9999.00
11767.5; -9999.00000; -9999.00
11782.5; -9999.00000; -9999.00
11797.5; -9999.00000; -9999.00
11812.5; -9999.00000; -9999.00
11827.5; -9999.00000; -9999.00
11842.5; -9999.00000; -9999.00
11857.5; -9999.00000; -9999.00
11872.5; -9999.00000; -9999.00
11887.5; -9999.00000; -9999.00
11902.5; -9999.00000; -9999.00
11917.5; -9999.00000; -9999.00
11932.5; -9999.00000; -9999.00
11947.5; -9999.00000; -9999.00
11962.5; -9999.00000; -9999.00
11977.5; -9999.00000; -9999.00
11992.5; -9999.00000; -9999.00
12007.5; -9999.00000; -9999.00
12022.5; -9999.00000; -9999.00
12037.5; -9999.00000; -9999.00
12052.5; -9999.00000; -9999.00
12067.5; -9999.00000; -9999.00
12082.5; -9999.00000; -9999.00
12097.5; -9999.00000; -9999.00
12112.5; -9999.00000; -9999.00
12127.5; -9999.00000; -9999.00
12142.5; -9999.00000; -9999.00
12157.5; -9999.00000; -9999.00
12172.5; -9999.00000; -9999.00
12187.5; -9999.00000; -9999.00
12202.5; -9999.00000; -9999.00
12217.5; -9999.00000; -9999.00
12232.5; -9999.00000; -9999.00
12247.5; -9999.00000; -9999.00
12262.5; -9999.00000; -9999.00
12277.5; -9999.00000; -9999.00
12292.5; -9999.00000; -9999.00
12307.5; -9999.00000; -9999.00
12322.5; -9999.00000; -9999.00
12337.5; -9999.00000; -9999.00
12352.5; -9999.00000; -9999.00
12367.5; -9999.00000; -9999.00
12382.5; -9999.00000; -9999.00
12397.5; -9999.00000; -9999.00
12412.5; -9999.00000; -9999.00
12427.5; -9999.00000; -9999.00
12442.5; -9999.00000; -9999.00
12457.5; -9999.00000; -9999.00
12472.5; -9999.00000; -9999.00
12487.5; -9999.00000; -9999.00
12502.5; -9999.00000; -9999.00
12517.5; -9999.00000; -9999.00
12532.5; -9999.00000; -9999.00
12547.5; -9999.00000; -9999.00
12562.5; -9999.00000; -9999.00
12577.5; -9999.00000; -9999.00
12592.5; -9999.00000; -9999.00
12607.5; -9999.00000; -9999.00
12622.5; -9999.00000; -9999.00
12637.5; -9999.00000; -9999.00
12652.5; -9999.00000; -9999.00
12667.5; -9999.00000; -9999.00
12682.5; -9999.00000; -9999.00
12697.5; -9999.00000; -9999.00
12712.5; -9999.00000; -9999.00
12727.5; -9999.00000; -9999.00
12742.5; -9999.00000; -9999.00
12757.5; -9999.00000; -9999.00
12772.5; -9999.00000; -9999.00
12787.5; -9999.00000; -9999.00
12802.5; -9999.00000; -9999.00
12817.5; -9999.00000; -9999.00
12832.5; -9999.00000; -9999.00
12847.5; -9999.00000; -9999.00
12862.5; -9999.00000; -9999.00
12877.5; -9999.00000; -9999.00
12892.5; -9999.00000; -9999.00
12907.5; -9999.00000; -9999.00
12922.5; -9999.00000; -9999.00
12937.5; -9999.00000; -9999.00
12952.5; -9999.00000; -9999.00
12967.5; -9999.00000; -9999.00
12982.5; -9999.00000; -9999.00
12997.5; -9999.00000; -9999.00
13012.5; -9999.00000; -9999.00
13027.5; -9999.00000; -9999.00
13042.5; -9999.00000; -9999.00
13057.5; -9999.00000; -9999.00
13072.5; -9999.00000; -9999.00
13087.5; -9999.00000; -9999.00
13102.5; -9999.00000; -9999.00
13117.5; -9999.00000; -9999.00
13132.5; -9999.00000; -9999.00
13147.5; -9999.00000; -9999.00
13162.5; -9999.00000; -9999.00
13177.5; -9999.00000; -9999.00
13192.5; -9999.00000; -9999.00
13207.5; -9999.00000; -9999.00
13222.5; -9999.00000; -9999.00
13237.5; -9999.00000; -9999.00
13252.5; -9999.00000; -9999.00
13267.5; -9999.00000; -9999.00
13282.5; -9999.00000; -9999.00
13297.5; -9999.00000; -9999.00
13312.5; -9999.00000; -9999.00
13327.5; -9999.00000; -9999.00
13342.5; -9999.00000; -9999.00
13357.5; -9999.00000; -9999.00
13372.5; -9999.00000; -9999.00
13387.5; -9999.00000; -9999.00
13402.5; -9999.00000; -9999.00
13417.5; -9999.00000; -9999.00
13432.5; -9999.00000; -9999.00
13447.5; -9999.00000; -9999.00
13462.5; -9999.00000; -9999.00
13477.5; -9999.00000; -9999.00
13492.5; -9999.00000; -9999.00
13507.5; -9999.00000; -9999.00
13522.5; -9999.00000; -9999.00
13537.5; -9999.00000; -9999.00
13552.5; -9999.00000; -9999.00
13567.5; -9999.00000; -9999.00
13582.5; -9999.00000; -9999.00
13597.5; -9999.00000; -9999.00
13612.5; -9999.00000; -9999.00
13627.5; -9999.00000; -9999.00
13642.5; -9999.00000; -9999.00
13657.5; -9999.00000; -9999.00
13672.5; -9999.00000; -9999.00
13687.5; -9999.00000; -9999.00
13702.5; -9999.00000; -9999.00
13717.5; -9999.00000; -9999.00
13732.5; -9999.00000; -9999.00
13747.5; -9999.00000; -9999.00
13762.5; -9999.00000; -9999.00
13777.5; -9999.00000; -9999.00
13792.5; -9999.00000; -9999.00
13807.5; -9999.00000; -9999.00
13822.5; -9999.00000; -9999.00
13837.5; -9999.00000; -9999.00
13852.5; -9999.00000; -9999.00
13867.5; -9999.00000; -9999.00
13882.5; -9999.00000; -9999.00
13897.5; -9999.00000; -9999.00
13912.5; -9999.00000; -9999.00
13927.5; -9999.00000; -9999.00
13942.5; -9999.00000; -9999.00
13957.5; -9999.00000; -9999.00
13972.5; -9999.00000; -9999.00
13987.5; -9999.00000; -9999.00
14002.5; -9999.00000; -9999.00
14017.5; -9999.00000; -9999.00
14032.5; -9999.00000; -9999.00
14047.5; -9999.00000; -9999.00
14062.5; -9999.00000; -9999.00
14077.5; -9999.00000; -9999.00
14092.5; -9999.00000; -9999.00
14107.5; -9999.00000; -9999.00
14122.5; -9999.00000; -9999.00
14137.5; -9999.00000; -9999.00
14152.5; -9999.00000; -9999.00
14167.5; -9999.00000; -9999.00
14182.5; -9999.00000; -9999.00
14197.5; -9999.00000; -9999.00
14212.5; -9999.00000; -9999.00
14227.5; -9999.00000; -9999.00
14242.5; -9999.00000; -9999.00
14257.5; -9999.00000; -9999.00
14272.5; -9999.00000; -9999.00
14287.5; -9999.00000; -9999.00
14302.5; -9999.00000; -9999.00
14317.5; -9999.00000; -9999.00
14332.5; -9999.00000; -9999.00
14347.5; -9999.00000; -9999.00
14362.5; -9999.00000; -9999.00
14377.5; -9999.00000; -9999.00
14392.5; -9999.00000; -9999.00
14407.5; -9999.00000; -9999.00
14422.5; -9999.00000; -9999.00
14437.5; -9999.00000; -9999.00
14452.5; -9999.00000; -9999.00
14467.5; -9999.00000; -9999.00
14482.5; -9999.00000; -9999.00
14497.5; -9999.00000; -9999.00
14512.5; -9999.00000; -9999.00
14527.5; -9999.00000; -9999.00
14542.5; -9999.00000; -9999.00
14557.5; -9999.00000; -9999.00
14572.5; -9999.00000; -9999.00
14587.5; -9999.00000; -9999.00
14602.5; -9999.00000; -9999.00
14617.5; -9999.00000; -9999.00
14632.5; -9999.00000; -9999.00
14647.5; -9999.00000; -9999.00
14662.5; -9999.00000; -9999.00
14677.5; -9999.00000; -9999.00
14692.5; -9999.00000; -9999.00
14707.5; -9999.00000; -9999.00
14722.5; -9999.00000; -9999.00
14737.5; -9999.00000; -9999.00
14752.5; -9999.00000; -9999.00
14767.5; -9999.00000; -9999.00
14782.5; -9999.00000; -9999.00
14797.5; -9999.00000; -9999.00
14812.5; -9999.00000; -9999.00
14827.5; -9999.00000; -9999.00
14842.5; -9999.00000; -9999.00
14857.5; -9999.00000; -9999.00
14872.5; -9999.00000; -9999.00
14887.5; -9999.00000; -9999.00
14902.5; -9999.00000; -9999.00
14917.5; -9999.00000; -9999.00
14932.5; -9999.00000; -9999.00
14947.5; -9999.00000; -9999.00
14962.5; -9999.00000; -9999.00
14977.5; -9999.00000; -9999.00
14992.5; -9999.00000; -9999.00
15007.5; -9999.00000; -9999.00
15022.5; -9999.00000; -9999.00
15037.5; -9999.00000; -9999.00
15052.5; -9999.00000; -9999.00
15067.5; -9999.00000; -9999.00
15082.5; -9999.00000; -9999.00
15097.5; -9999.00000; -9999.00
15112.5; -9999.00000; -9999.00
15127.5; -9999.00000; -9999.00
15142.5; -9999.00000; -9999.00
15157.5; -9999.00000; -9999.00
15172.5; -9999.00000; -9999.00
15187.5; -9999.00000; -9999.00
15202.5; -9999.00000; -9999.00
15217.5; -9999.00000; -9999.00
15232.5; -9999.00000; -9999.00
15247.5; -9999.00000; -9999.00
15262.5; -9999.00000; -9999.00
15277.5; -9999.00000; -9999.00
15292.5; -9999.00000; -9999.00
15307.5; -9999.00000; -9999.00
15322.5; -9999.00000; -9999.00
15337.5; -9999.00000; -9999.00
15352.5; -9999.00000; -9999.00
15367.5; -9999.00000; -9999.00
15382.5; -9999.00000; -9999.00
15397.5; -9999.00000; -9999.00
15412.5; -9999.00000; -9999.00
15427.5; -9999.00000; -9999.00
15442.5; -9999.00000; -9999.00
15457.5; -9999.00000; -9999.00
15472.5; -9999.00000; -9999.00
15487.5; -9999.00000; -9999.00
15502.5; -9999.00000; -9999.00
15517.5; -9999.00000; -9999.00
15532.5; -9999.00000; -9999.00
15547.5; -9999.00000; -9999.00
15562.5; -9999.00000; -9999.00
15577.5; -9999.00000; -9999.00
15592.5; -9999.00000; -9999.00
15607.5; -9999.00000; -9999.00
15622.5; -9999.00000; -9999.00
15637.5; -9999.00000; -9999.00
15652.5; -9999.00000; -9999.00
15667.5; -9999.00000; -9999.00
15682.5; -9999.00000; -9999.00
15697.5; -9999.00000; -9999.00
15712.5; -9999.00000; -9999.00
15727.5; -9999.00000; -9999.00
15742.5; -9999.00000; -9999.00
15757.5; -9999.00000; -9999.00
15772.5; -9999.00000; -9999.00
15787.5; -9999.00000; -9999.00
15802.5; -9999.00000; -9999.00
15817.5; -9999.00000; -9999.00
15832.5; -9999.00000; -9999.00
15847.5; -9999.00000; -9999.00
15862.5; -9999.00000; -9999.00
15877.5; -9999.00000; -9999.00
15892.5; -9999.00000; -9999.00
15907.5; -9999.00000; -9999.00
15922.5; -9999.00000; -9999.00
15937.5; -9999.00000; -9999.00
15952.5; -9999.00000; -9999.00
15967.5; -9999.00000; -9999.00
15982.5; -9999.00000; -9999.00
15997.5; -9999.00000; -9999.00
16012.5; -9999.00000; -9999.00
16027.5; -9999.00000; -9999.00
16042.5; -9999.00000; -9999.00
16057.5; -9999.00000; -9999.00
16072.5; -9999.00000; -9999.00
16087.5; -9999.00000; -9999.00
16102.5; -9999.00000; -9999.00
16117.5; -9999.00000; -9999.00
16132.5; -9999.00000; -9999.00
16147.5; -9999.00000; -9999.00
16162.5; -9999.00000; -9999.00
16177.5; -9999.00000; -9999.00
16192.5; -9999.00000; -9999.00
16207.5; -9999.00000; -9999.00
16222.5; -9999.00000; -9999.00
16237.5; -9999.00000; -9999.00
16252.5; -9999.00000; -9999.00
16267.5; -9999.00000; -9999.00
16282.5; -9999.00000; -9999.00
16297.5; -9999.00000; -9999.00
16312.5; -9999.00000; -9999.00
16327.5; -9999.00000; -9999.00
16342.5; -9999.00000; -9999.00
16357.5; -9999.00000; -9999.00
16372.5; -9999.00000; -9999.00
16387.5; -9999.00000; -9999.00
16402.5; -9999.00000; -9999.00
16417.5; -9999.00000; -9999.00
16432.5; -9999.00000; -9999.00
16447.5; -9999.00000; -9999.00
16462.5; -9999.00000; -9999.00
16477.5; -9999.00000; -9999.00
16492.5; -9999.00000; -9999.00
16507.5; -9999.00000; -9999.00
16522.5; -9999.00000; -9999.00
16537.5; -9999.00000; -9999.00
16552.5; -9999.00000; -9999.00
16567.5; -9999.00000; -9999.00
16582.5; -9999.00000; -9999.00
16597.5; -9999.00000; -9999.00
16612.5; -9999.00000; -9999.00
16627.5; -9999.00000; -9999.00
16642.5; -9999.00000; -9999.00
16657.5; -9999.00000; -9999.00
16672.5; -9999.00000; -9999.00
16687.5; -9999.00000; -9999.00
16702.5; -9999.00000; -9999.00
16717.5; -9999.00000; -9999.00
16732.5; -9999.00000; -9999.00
16747.5; -9999.00000; -9999.00
16762.5; -9999.00000; -9999.00
16777.5; -9999.00000; -9999.00
16792.5; -9999.00000; -9999.00
16807.5; -9999.00000; -9999.00
16822.5; -9999.00000; -9999.00
16837.5; -9999.00000; -9999.00
16852.5; -9999.00000; -9999.00
16867.5; -9999.00000; -9999.00
16882.5; -9999.00000; -9999.00
16897.5; -9999.00000; -9999.00
16912.5; -9999.00000; -9999.00
16927.5; -9999.00000; -9999.00
16942.5; -9999.00000; -9999.00
16957.5; -9999.00000; -9999.00
16972.5; -9999.00000; -9999.00
16987.5; -9999.00000; -9999.00
17002.5; -9999.00000; -9999.00
17017.5; -9999.00000; -9999.00
17032.5; -9999.00000; -9999.00
17047.5; -9999.00000; -9999.00
17062.5; -9999.00000; -9999.00
17077.5; -9999.00000; -9999.00
17092.5; -9999.00000; -9999.00
17107.5; -9999.00000; -9999.00
17122.5; -9999.00000; -9999.00
17137.5; -9999.00000; -9999.00
17152.5; -9999.00000; -9999.00
17167.5; -9999.00000; -9999.00
17182.5; -9999.00000; -9999.00
17197.5; -9999.00000; -9999.00
17212.5; -9999.00000; -9999.00
17227.5; -9999.00000; -9999.00
17242.5; -9999.00000; -9999.00
17257.5; -9999.00000; -9999.00
17272.5; -9999.00000; -9999.00
17287.5; -9999.00000; -9999.00
17302.5; -9999.00000; -9999.00
17317.5; -9999.00000; -9999.00
17332.5; -9999.00000; -9999.00
17347.5; -9999.00000; -9999.00
17362.5; -9999.00000; -9999.00
17377.5; -9999.00000; -9999.00
17392.5; -9999.00000; -9999.00
17407.5; -9999.00000; -9999.00
17422.5; -9999.00000; -9999.00
17437.5; -9999.00000; -9999.00
17452.5; -9999.00000; -9999.00
17467.5; -9999.00000; -9999.00
17482.5; -9999.00000; -9999.00
17497.5; -9999.00000; -9999.00
17512.5; -9999.00000; -9999.00
17527.5; -9999.00000; -9999.00
17542.5; -9999.00000; -9999.00
17557.5; -9999.00000; -9999.00
17572.5; -9999.00000; -9999.00
17587.5; -9999.00000; -9999.00
17602.5; -9999.00000; -9999.00
17617.5; -9999.00000; -9999.00
17632.5; -9999.00000; -9999.00
17647.5; -9999.00000; -9999.00
17662.5; -9999.00000; -9999.00
17677.5; -9999.00000; -9999.00
17692.5; -9999.00000; -9999.00
17707.5; -9999.00000; -9999.00
17722.5; -9999.00000; -9999.00
17737.5; -9999.00000; -9999.00
17752.5; -9999.00000; -9999.00
17767.5; -9999.00000; -9999.00
17782.5; -9999.00000; -9999.00
17797.5; -9999.00000; -9999.00
17812.5; -9999.00000; -9999.00
17827.5; -9999.00000; -9999.00
17842.5; -9999.00000; -9999.00
17857.5; -9999.00000; -9999.00
17872.5; -9999.00000; -9999.00
17887.5; -9999.00000; -9999.00
17902.5; -9999.00000; -9999.00
17917.5; -9999.00000; -9999.00
17932.5; -9999.00000; -9999.00
17947.5; -9999.00000; -9999.00
17962.5; -9999.00000; -9999.00
17977.5; -9999.00000; -9999.00
17992.5; -9999.00000; -9999.00
18007.5; -9999.00000; -9999.00
18022.5; -9999.00000; -9999.00
18037.5; -9999.00000; -9999.00
18052.5; -9999.00000; -9999.00
18067.5; -9999.00000; -9999.00
18082.5; -9999.00000; -9999.00
18097.5; -9999.00000; -9999.00
18112.5; -9999.00000; -9999.00
18127.5; -9999.00000; -9999.00
18142.5; -9999.00000; -9999.00
18157.5; -9999.00000; -9999.00
18172.5; -9999.00000; -9999.00
18187.5; -9999.00000; -9999.00
18202.5; -9999.00000; -9999.00
18217.5; -9999.00000; -9999.00
18232.5; -9999.00000; -9999.00
18247.5; -9999.00000; -9999.00
18262.5; -9999.00000; -9999.00
18277.5; -9999.00000; -9999.00
18292.5; -9999.00000; -9999.00
18307.5; -9999.00000; -9999.00
18322.5; -9999.00000; -9999.00
18337.5; -9999.00000; -9999.00
18352.5; -9999.00000; -9999.00
18367.5; -9999.00000; -9999.00
18382.5; -9999.00000; -9999.00
18397.5; -9999.00000; -9999.00
18412.5; -9999.00000; -9999.00
18427.5; -9999.00000; -9999.00
18442.5; -9999.00000; -9999.00
18457.5; -9999.00000; -9999.00
18472.5; -9999.00000; -9999.00
18487.5; -9999.00000; -9999.00
18502.5; -9999.00000; -9999.00
18517.5; -9999.00000; -9999.00
18532.5; -9999.00000; -9999.00
18547.5; -9999.00000; -9999.00
18562.5; -9999.00000; -9999.00
18577.5; -9999.00000; -9999.00
18592.5; -9999.00000; -9999.00
18607.5; -9999.00000; -9999.00
18622.5; -9999.00000; -9999.00
18637.5; -9999.00000; -9999.00
18652.5; -9999.00000; -9999.00
18667.5; -9999.00000; -9999.00
18682.5; -9999.00000; -9999.00
18697.5; -9999.00000; -9999.00
18712.5; -9999.00000; -9999.00
18727.5; -9999.00000; -9999.00
18742.5; -9999.00000; -9999.00
18757.5; -9999.00000; -9999.00
18772.5; -9999.00000; -9999.00
18787.5; -9999.00000; -9999.00
18802.5; -9999.00000; -9999.00
18817.5; -9999.00000; -9999.00
18832.5; -9999.00000; -9999.00
18847.5; -9999.00000; -9999.00
18862.5; -9999.00000; -9999.00
18877.5; -9999.00000; -9999.00
18892.5; -9999.00000; -9999.00
18907.5; -9999.00000; -9999.00
18922.5; -9999.00000; -9999.00
18937.5; -9999.00000; -9999.00
18952.5; -9999.00000; -9999.00
18967.5; -9999.00000; -9999.00
18982.5; -9999.00000; -9999.00
18997.5; -9999.00000; -9999.00
19012.5; -9999.00000; -9999.00
19027.5; -9999.00000; -9999.00
19042.5; -9999.00000; -9999.00
19057.5; -9999.00000; -9999.00
19072.5; -9999.00000; -9999.00
19087.5; -9999.00000; -9999.00
19102.5; -9999.00000; -9999.00
19117.5; -9999.00000; -9999.00
19132.5; -9999.00000; -9999.00
19147.5; -9999.00000; -9999.00
19162.5; -9999.00000; -9999.00
19177.5; -9999.00000; -9999.00
19192.5; -9999.00000; -9999.00
19207.5; -9999.00000; -9999.00
19222.5; -9999.00000; -9999.00
19237.5; -9999.00000; -9999.00
19252.5; -9999.00000; -9999.00
19267.5; -9999.00000; -9999.00
19282.5; -9999.00000; -9999.00
19297.5; -9999.00000; -9999.00
19312.5; -9999.00000; -9999.00
19327.5; -9999.00000; -9999.00
19342.5; -9999.00000; -9999.00
19357.5; -9999.00000; -9999.00
19372.5; -9999.00000; -9999.00
19387.5; -9999.00000; -9999.00
19402.5; -9999.00000; -9999.00
19417.5; -9999.00000; -9999.00
19432.5; -9999.00000; -9999.00
19447.5; -9999.00000; -9999.00
19462.5; -9999.00000; -9999.00
19477.5; -9999.00000; -9999.00
19492.5; -9999.00000; -9999.00
19507.5; -9999.00000; -9999.00
19522.5; -9999.00000; -9999.00
19537.5; -9999.00000; -9999.00
19552.5; -9999.00000; -9999.00
19567.5; -9999.00000; -9999.00
19582.5; -9999.00000; -9999.00
19597.5; -9999.00000; -9999.00
19612.5; -9999.00000; -9999.00
19627.5; -9999.00000; -9999.00
19642.5; -9999.00000; -9999.00
19657.5; -9999.00000; -9999.00
19672.5; -9999.00000; -9999.00
19687.5; -9999.00000; -9999.00
19702.5; -9999.00000; -9999.00
19717.5; -9999.00000; -9999.00
19732.5; -9999.00000; -9999.00
19747.5; -9999.00000; -9999.00
19762.5; -9999.00000; -9999.00
19777.5; -9999.00000; -9999.00
19792.5; -9999.00000; -9999.00
19807.5; -9999.00000; -9999.00
19822.5; -9999.00000; -9999.00
19837.5; -9999.00000; -9999.00
19852.5; -9999.00000; -9999.00
19867.5; -9999.00000; -9999.00
19882.5; -9999.00000; -9999.00
19897.5; -9999.00000; -9999.00
19912.5; -9999.00000; -9999.00
19927.5; -9999.00000; -9999.00
19942.5; -9999.00000; -9999.00
19957.5; -9999.00000; -9999.00
19972.5; -9999.00000; -9999.00
19987.5; -9999.00000; -9999.00
20002.5; -9999.00000; -9999.00
20017.5; -9999.00000; -9999.00
20032.5; -9999.00000; -9999.00
20047.5; -9999.00000; -9999.00
20062.5; -9999.00000; -9999.00
20077.5; -9999.00000; -9999.00
20092.5; -9999.00000; -9999.00
20107.5; -9999.00000; -9999.00
20122.5; -9999.00000; -9999.00
20137.5; -9999.00000; -9999.00
20152.5; -9999.00000; -9999.00
20167.5; -9999.00000; -9999.00
20182.5; -9999.00000; -9999.00
20197.5; -9999.00000; -9999.00
20212.5; -9999.00000; -9999.00
20227.5; -9999.00000; -9999.00
20242.5; -9999.00000; -9999.00
20257.5; -9999.00000; -9999.00
20272.5; -9999.00000; -9999.00
20287.5; -9999.00000; -9999.00
20302.5; -9999.00000; -9999.00
20317.5; -9999.00000; -9999.00
20332.5; -9999.00000; -9999.00
20347.5; -9999.00000; -9999.00
20362.5; -9999.00000; -9999.00
20377.5; -9999.00000; -9999.00
20392.5; -9999.00000; -9999.00
20407.5; -9999.00000; -9999.00
20422.5; -9999.00000; -9999.00
20437.5; -9999.00000; -9999.00
20452.5; -9999.00000; -9999.00
20467.5; -9999.00000; -9999.00
20482.5; -9999.00000; -9999.00
20497.5; -9999.00000; -9999.00
20512.5; -9999.00000; -9999.00
20527.5; -9999.00000; -9999.00
20542.5; -9999.00000; -9999.00
20557.5; -9999.00000; -9999.00
20572.5; -9999.00000; -9999.00
20587.5; -9999.00000; -9999.00
20602.5; -9999.00000; -9999.00
20617.5; -9999.00000; -9999.00
20632.5; -9999.00000; -9999.00
20647.5; -9999.00000; -9999.00
20662.5; -9999.00000; -9999.00
20677.5; -9999.00000; -9999.00
20692.5; -9999.00000; -9999.00
20707.5; -9999.00000; -9999.00
20722.5; -9999.00000; -9999.00
20737.5; -9999.00000; -9999.00
20752.5; -9999.00000; -9999.00
20767.5; -9999.00000; -9999.00
20782.5; -9999.00000; -9999.00
20797.5; -9999.00000; -9999.00
20812.5; -9999.00000; -9999.00
20827.5; -9999.00000; -9999.00
20842.5; -9999.00000; -9999.00
20857.5; -9999.00000; -9999.00
20872.5; -9999.00000; -9999.00
20887.5; -9999.00000; -9999.00
20902.5; -9999.00000; -9999.00
20917.5; -9999.00000; -9999.00
20932.5; -9999.00000; -9999.00
20947.5; -9999.00000; -9999.00
20962.5; -9999.00000; -9999.00
20977.5; -9999.00000; -9999.00
20992.5; -9999.00000; -9999.00
21007.5; -9999.00000; -9999.00
21022.5; -9999.00000; -9999.00
21037.5; -9999.00000; -9999.00
21052.5; -9999.00000; -9999.00
21067.5; -9999.00000; -9999.00
21082.5; -9999.00000; -9999.00
21097.5; -9999.00000; -9999.00
21112.5; -9999.00000; -9999.00
21127.5; -9999.00000; -9999.00
21142.5; -9999.00000; -9999.00
21157.5; -9999.00000; -9999.00
21172.5; -9999.00000; -9999.00
21187.5; -9999.00000; -9999.00
21202.5; -9999.00000; -9999.00
21217.5; -9999.00000; -9999.00
21232.5; -9999.00000; -9999.00
21247.5; -9999.00000; -9999.00
21262.5; -9999.00000; -9999.00
21277.5; -9999.00000; -9999.00
21292.5; -9999.00000; -9999.00
21307.5; -9999.00000; -9999.00
21322.5; -9999.00000; -9999.00
21337.5; -9999.00000; -9999.00
21352.5; -9999.00000; -9999.00
21367.5; -9999.00000; -9999.00
21382.5; -9999.00000; -9999.00
21397.5; -9999.00000; -9999.00
21412.5; -9999.00000; -9999.00
21427.5; -9999.00000; -9999.00
21442.5; -9999.00000; -9999.00
21457.5; -9999.00000; -9999.00
21472.5; -9999.00000; -9999.00
21487.5; -9999.00000; -9999.00
21502.5; -9999.00000; -9999.00
21517.5; -9999.00000; -9999.00
21532.5; -9999.00000; -9999.00
21547.5; -9999.00000; -9999.00
21562.5; -9999.00000; -9999.00
21577.5; -9999.00000; -9999.00
21592.5; -9999.00000; -9999.00
21607.5; -9999.00000; -9999.00
21622.5; -9999.00000; -9999.00
21637.5; -9999.00000; -9999.00
21652.5; -9999.00000; -9999.00
21667.5; -9999.00000; -9999.00
21682.5; -9999.00000; -9999.00
21697.5; -9999.00000; -9999.00
21712.5; -9999.00000; -9999.00
21727.5; -9999.00000; -9999.00
21742.5; -9999.00000; -9999.00
21757.5; -9999.00000; -9999.00
21772.5; -9999.00000; -9999.00
21787.5; -9999.00000; -9999.00
21802.5; -9999.00000; -9999.00
21817.5; -9999.00000; -9999.00
21832.5; -9999.00000; -9999.00
21847.5; -9999.00000; -9999.00
21862.5; -9999.00000; -9999.00
21877.5; -9999.00000; -9999.00
21892.5; -9999.00000; -9999.00
21907.5; -9999.00000; -9999.00
21922.5; -9999.00000; -9999.00
21937.5; -9999.00000; -9999.00
21952.5; -9999.00000; -9999.00
21967.5; -9999.00000; -9999.00
21982.5; -9999.00000; -9999.00
21997.5; -9999.00000; -9999.00
22012.5; -9999.00000; -9999.00
22027.5; -9999.00000; -9999.00
22042.5; -9999.00000; -9999.00
22057.5; -9999.00000; -9999.00
22072.5; -9999.00000; -9999.00
22087.5; -9999.00000; -9999.00
22102.5; -9999.00000; -9999.00
22117.5; -9999.00000; -9999.00
22132.5; -9999.00000; -9999.00
22147.5; -9999.00000; -9999.00
22162.5; -9999.00000; -9999.00
22177.5; -9999.00000; -9999.00
22192.5; -9999.00000; -9999.00
22207.5; -9999.00000; -9999.00
22222.5; -9999.00000; -9999.00
22237.5; -9999.00000; -9999.00
22252.5; -9999.00000; -9999.00
22267.5; -9999.00000; -9999.00
22282.5; -9999.00000; -9999.00
22297.5; -9999.00000; -9999.00
22312.5; -9999.00000; -9999.00
22327.5; -9999.00000; -9999.00
22342.5; -9999.00000; -9999.00
22357.5; -9999.00000; -9999.00
