File version 1.0
Local Time Start: 00:00:30.420
Universal Time start: 2026-05-02 16:00:30.420
Various data: az=0.00;el=90.00;POWER=ALL_ON,,;Laser=Fire_ON,;LaserFreq=5000;StorageTimeUTC=00:57:24.932;az_real=missing;el_real=missing;Servo=,,
Measure type = Standard
Scheduling = Sing=60;AzEnd=0;AzStart=0;ElEnd=4;ElStart=4;GlobScan=900;GlobRep=30;Chan=E1030PH;RepRest=30;StepsAzim=0;StepsElev=0;PreTrig=20;T0_UT=102700.000;
Nota schedule =
Positioning = 0,0; NAP1030_VIS; EP-VL10
Params: T=21; H=20; P=1002; R=15; DepolRatio:0.200000002980232,0.0199999995529652,0.25,0.0700000002980232; WaterVapour:300; AOD:E532P,0.400000005960464,4.5,1; VIS:E532P,0.300000011920929,0.5,1; PM10:E532P,0.5,3,40,1,1; PM2.5:E532P,0.400000005960464,3,10,1,1
Serie = 1 Cycle = 999999999
#######################################
     CHANNELS   PARAMS
E1030PH
1520
100
300000
DIG
20
-------------------------------------------
29
21
23
36
23
36
29
30
30
24
28
31
30
24
21
26
22
30
28
30
25
38
20
19
36
30
24
45
28630
179453
64437
66934
64437
61801
67302
78568
98232
141273
323180
733282
1030576
1125488
1155751
1160512
1156088
1145029
1133462
1117047
1103376
1083349
1062857
1042261
1023952
1008184
995988
971173
938033
912266
898154
873102
848855
829512
808388
788188
761322
750059
739340
717093
695140
677259
668697
635932
609710
592863
579520
572339
567399
540069
500505
471290
450864
433301
412337
396817
385279
368694
362498
354862
350676
347974
344555
333632
314734
295004
286327
283517
275579
265263
255876
242553
224364
216546
211267
208457
201365
194801
185561
179097
173961
170204
166153
161746
157693
156786
155008
150733
144773
135612
130436
125181
120378
118285
118525
115276
113863
112553
111393
107872
104258
100743
98225
95381
91755
87118
83332
80136
78973
79724
78312
75318
73847
72438
72541
70156
69119
68867
69011
67725
64443
62089
59728
56818
54584
51741
49322
47815
46282
45335
44811
44121
43960
43263
42141
41146
39428
37622
35771
34934
33943
33163
32437
31003
30840
29751
30592
30997
30152
29139
27197
25384
24774
23411
23087
21351
19675
18590
18695
17747
16602
16256
15529
15140
14911
14725
13938
13024
12674
12568
11590
11360
10923
11084
10808
10947
11045
10993
10227
10013
9460
8769
8726
8776
8732
8731
8553
8376
8337
7645
7039
6839
6586
6511
6425
5880
4966
4815
4886
5066
5208
4882
4636
4790
4870
4660
4219
4023
3577
3292
3370
3470
3546
3054
2920
2794
2640
2421
2265
2358
2439
2396
2021
1987
1729
1631
1544
1553
1525
1451
1496
1283
1424
1422
1245
1225
1272
1121
1074
1115
1023
982
843
797
883
864
878
851
864
885
864
810
871
879
906
817
1183
1039
1240
1607
938
768
760
894
678
789
711
323
305
265
282
255
211
247
297
274
224
210
245
244
365
869
473
196
153
147
147
156
115
198
426
638
1145
690
204
174
140
114
102
99
87
92
101
89
103
88
93
111
75
93
108
82
86
86
72
75
75
70
80
69
89
68
71
84
66
83
75
63
74
91
78
76
86
63
67
56
58
58
63
67
82
60
67
56
70
59
67
66
77
59
53
63
66
47
54
73
61
68
55
55
60
65
41
71
55
49
59
62
45
57
56
69
50
60
56
43
43
66
52
67
58
59
60
46
60
46
64
48
62
54
49
64
61
58
37
52
62
52
45
48
59
51
34
43
34
40
55
52
47
48
45
41
53
39
47
42
38
47
56
47
44
43
42
43
47
35
48
44
53
47
34
33
30
41
51
57
38
34
41
46
40
43
37
43
44
40
45
54
40
35
41
37
45
46
30
39
35
39
40
45
37
41
41
44
36
40
28
35
34
30
50
39
40
44
27
46
46
35
38
43
40
42
45
39
33
40
33
40
41
35
47
34
34
33
30
38
39
24
35
28
52
34
34
37
30
27
44
39
38
33
39
32
32
29
31
25
40
40
39
35
22
34
33
48
35
39
36
37
27
39
35
35
28
37
37
28
35
47
34
33
33
39
25
53
25
42
32
38
38
42
41
41
37
29
20
24
37
34
31
36
33
39
30
33
39
32
33
34
24
46
36
41
34
29
40
30
34
36
39
32
30
34
40
25
30
38
37
30
30
34
34
26
37
33
37
33
38
34
27
26
33
31
31
26
42
38
29
32
33
32
29
33
32
36
33
47
39
27
28
28
41
34
34
27
32
26
33
29
37
24
37
43
32
24
30
34
28
37
27
38
27
30
39
35
32
30
29
46
46
35
36
25
36
36
28
28
35
29
35
30
47
28
29
27
25
34
33
36
41
31
23
27
27
31
31
29
36
27
31
29
38
22
30
31
36
35
27
33
31
30
28
32
27
23
27
38
35
39
30
40
31
28
32
32
38
43
27
33
21
31
32
35
31
33
30
35
34
25
24
28
25
31
35
32
32
32
40
35
37
27
32
27
31
31
26
27
30
26
24
26
38
15
21
43
39
30
26
28
33
27
36
29
25
22
31
26
31
25
34
28
41
39
27
36
34
25
27
27
32
41
18
25
28
31
29
22
36
29
33
40
34
22
36
30
26
28
34
23
32
29
29
24
32
42
35
22
36
28
28
27
25
22
35
28
32
24
39
33
34
32
30
33
29
24
35
25
27
33
27
27
23
22
28
30
26
29
29
27
31
27
26
30
22
21
29
37
27
29
34
32
25
34
32
26
32
29
32
34
27
26
28
29
27
25
26
23
30
34
29
28
28
25
29
32
38
24
28
23
27
28
31
24
24
24
33
25
26
42
26
31
36
38
20
29
35
34
30
26
31
18
29
19
26
28
33
32
32
25
34
25
33
26
24
30
30
31
30
26
26
23
30
30
30
26
23
27
31
34
25
27
36
24
25
30
30
23
27
26
35
24
26
26
30
31
37
33
22
29
34
28
25
29
31
24
28
27
18
24
39
24
28
23
27
26
36
23
24
10
34
30
23
27
31
18
25
22
32
37
31
27
26
34
32
26
34
32
33
26
24
30
17
25
28
22
33
18
23
30
23
38
27
19
22
30
32
31
18
26
26
38
27
24
28
36
23
25
35
24
27
24
41
34
24
24
30
40
30
23
38
20
26
26
24
29
25
30
18
22
25
23
27
28
23
24
22
26
24
26
31
31
34
28
29
26
28
30
39
37
37
29
38
33
28
30
16
25
29
27
24
32
29
34
34
24
23
31
26
43
24
28
26
19
41
28
28
24
25
28
21
27
30
26
26
23
31
26
33
22
29
30
25
21
21
32
33
29
22
21
17
34
29
37
26
24
14
34
19
26
24
30
32
23
29
14
26
46
28
25
30
30
25
27
28
29
30
34
25
21
37
33
20
23
31
29
23
33
35
28
21
27
36
23
29
25
27
25
19
20
23
18
28
26
24
17
23
28
22
20
27
28
36
29
29
25
19
31
20
19
32
26
23
32
28
26
15
38
23
37
35
26
24
33
20
23
23
27
32
27
32
36
27
18
27
28
33
29
23
36
18
33
31
32
32
32
34
15
27
33
34
37
37
26
20
28
24
20
31
24
24
15
25
30
33
25
39
28
17
31
32
25
33
30
33
29
17
23
29
34
34
27
30
29
22
19
27
34
31
31
20
26
24
21
28
26
29
23
24
17
31
26
22
29
27
26
30
39
31
26
39
30
36
33
28
31
22
23
18
33
25
25
30
35
31
21
24
23
32
23
31
19
25
39
29
25
29
26
25
35
36
22
19
34
20
17
32
32
22
31
29
23
28
25
23
34
22
24
25
31
10
28
21
33
35
29
27
30
31
21
34
24
31
23
30
24
25
22
29
27
31
30
33
24
42
37
26
35
26
23
35
26
23
35
25
21
31
24
35
25
32
29
36
27
24
42
29
23
20
30
28
33
33
31
28
35
24
23
21
29
24
36
25
24
34
24
25
22
36
24
29
24
26
25
41
25
32
32
27
23
26
25
29
28
34
31
27
23
27
21
28
23
28
29
33
24
26
23
22
30
29
20
17
22
30
21
27
29
26
32
21
35
30
29
33
20
25
26
34
30
27
13
33
29
27
22
32
29
31
26
34
28
27
26
29
29
25
22
27
16
27
25
21
27
27
26
29
30
34
26
31
30
13
30
31
21
36
29
21
24
23
24
22
34
21
28
31
31
33
23
27
21
26
26
