range (m) overlap_factor (smoothed by 4 range bins)
-45.000000 -0.000000
-37.500000 -0.000000
-30.000000 0.000000
-22.500000 -0.000000
-15.000000 0.000004
-7.500000 0.000004
0.000000 0.000051
7.500000 0.000237
15.000000 0.000632
22.500000 0.001572
30.000000 0.003984
37.500000 0.008859
45.000000 0.016030
52.500000 0.024625
60.000000 0.033635
67.500000 0.043048
75.000000 0.052825
82.500000 0.062940
90.000000 0.074038
97.500000 0.085442
105.000000 0.097333
112.500000 0.108591
120.000000 0.120098
127.500000 0.131785
135.000000 0.143749
142.500000 0.155687
150.000000 0.167518
157.500000 0.179416
165.000000 0.191553
172.500000 0.205837
180.000000 0.220080
187.500000 0.234574
195.000000 0.247339
202.500000 0.260711
210.000000 0.273936
217.500000 0.291345
225.000000 0.306793
232.500000 0.313636
240.000000 0.316485
247.500000 0.319202
255.000000 0.332956
262.500000 0.345620
270.000000 0.360013
277.500000 0.371881
285.000000 0.384606
292.500000 0.400092
300.000000 0.411893
307.500000 0.422881
315.000000 0.430647
322.500000 0.441164
330.000000 0.452272
337.500000 0.466802
345.000000 0.482009
352.500000 0.494840
360.000000 0.512452
367.500000 0.519334
375.000000 0.526747
382.500000 0.532554
390.000000 0.549821
397.500000 0.560993
405.000000 0.561797
412.500000 0.563569
420.000000 0.576303
427.500000 0.588626
435.000000 0.618137
442.500000 0.637352
450.000000 0.638712
457.500000 0.617012
465.000000 0.600669
472.500000 0.604664
480.000000 0.610924
487.500000 0.615865
495.000000 0.621846
502.500000 0.632355
510.000000 0.643154
517.500000 0.651836
525.000000 0.655159
532.500000 0.659715
540.000000 0.664431
547.500000 0.669538
555.000000 0.673846
562.500000 0.678333
570.000000 0.682727
577.500000 0.686880
585.000000 0.696006
592.500000 0.705059
600.000000 0.713721
607.500000 0.717936
615.000000 0.722069
622.500000 0.726681
630.000000 0.730705
637.500000 0.733647
645.000000 0.736773
652.500000 0.739384
660.000000 0.744042
667.500000 0.753024
675.000000 0.760986
682.500000 0.766330
690.000000 0.767142
697.500000 0.770271
705.000000 0.773963
712.500000 0.778256
720.000000 0.779877
727.500000 0.782562
735.000000 0.782768
742.500000 0.785883
750.000000 0.793299
757.500000 0.801325
765.000000 0.808162
772.500000 0.809567
780.000000 0.811444
787.500000 0.813499
795.000000 0.815264
802.500000 0.816485
810.000000 0.818443
817.500000 0.819601
825.000000 0.822747
832.500000 0.829270
840.000000 0.835219
847.500000 0.841337
855.000000 0.841447
862.500000 0.844308
870.000000 0.845925
877.500000 0.848968
885.000000 0.849300
892.500000 0.850598
900.000000 0.851257
907.500000 0.855562
915.000000 0.862962
922.500000 0.868775
930.000000 0.872672
937.500000 0.871688
945.000000 0.873118
952.500000 0.874669
960.000000 0.876689
967.500000 0.877546
975.000000 0.878280
982.500000 0.879481
990.000000 0.881096
997.500000 0.887239
1005.000000 0.892655
1012.500000 0.897371
1020.000000 0.897026
1027.500000 0.896965
1035.000000 0.896555
1042.500000 0.897400
1050.000000 0.897214
1057.500000 0.898534
1065.000000 0.897631
1072.500000 0.898752
1080.000000 0.903808
1087.500000 0.910237
1095.000000 0.914810
1102.500000 0.914772
1110.000000 0.915788
1117.500000 0.915459
1125.000000 0.918461
1132.500000 0.921190
1140.000000 0.926738
1147.500000 0.929323
1155.000000 0.931054
1162.500000 0.935886
1170.000000 0.939056
1177.500000 0.941060
1185.000000 0.937717
1192.500000 0.935438
1200.000000 0.934167
1207.500000 0.933932
1215.000000 0.933060
1222.500000 0.931678
1230.000000 0.930175
1237.500000 0.930229
1245.000000 0.935014
1252.500000 0.940372
1260.000000 0.944671
1267.500000 0.944807
1275.000000 0.943457
1282.500000 0.943737
1290.000000 0.943326
1297.500000 0.944635
1305.000000 0.944448
1312.500000 0.946242
1320.000000 0.949288
1327.500000 0.956623
1335.000000 0.961818
1342.500000 0.964001
1350.000000 0.959855
1357.500000 0.958560
1365.000000 0.958168
1372.500000 0.956920
1380.000000 0.952828
1387.500000 0.952066
1395.000000 0.950367
1402.500000 0.951361
1410.000000 0.952855
1417.500000 0.958252
1425.000000 0.961898
1432.500000 0.962050
1440.000000 0.962290
1447.500000 0.962634
1455.000000 0.960501
1462.500000 0.959649
1470.000000 0.960576
1477.500000 0.961916
1485.000000 0.963393
1492.500000 0.966526
1500.000000 0.971336
1507.500000 0.974946
1515.000000 0.974865
1522.500000 0.976693
1530.000000 0.976610
1537.500000 0.977607
1545.000000 0.974423
1552.500000 0.973539
1560.000000 0.970618
1567.500000 0.971519
1575.000000 0.975471
1582.500000 0.980881
1590.000000 0.981708
1597.500000 0.979353
1605.000000 0.975126
1612.500000 0.978487
1620.000000 0.979205
1627.500000 0.978710
1635.000000 0.974073
1642.500000 0.969714
1650.000000 0.973033
1657.500000 0.979423
1665.000000 0.984495
1672.500000 0.986589
1680.000000 0.981917
1687.500000 0.981758
1695.000000 0.979884
1702.500000 0.979859
1710.000000 0.977822
1717.500000 0.977244
1725.000000 0.978106
1732.500000 0.979653
1740.000000 0.982587
1747.500000 0.984145
1755.000000 0.984275
1762.500000 0.984021
1770.000000 0.983974
1777.500000 0.985254
1785.000000 0.984565
1792.500000 0.983521
1800.000000 0.982500
1807.500000 0.982019
1815.000000 0.981255
1822.500000 0.983870
1830.000000 0.984596
1837.500000 0.990458
1845.000000 0.992133
1852.500000 0.991590
1860.000000 0.987356
1867.500000 0.986857
1875.000000 0.986436
1882.500000 0.985273
1890.000000 0.979111
1897.500000 0.977068
1905.000000 0.979235
1912.500000 0.984670
1920.000000 0.987061
1927.500000 0.987308
1935.000000 0.986075
1942.500000 0.986340
1950.000000 0.985618
1957.500000 0.983401
1965.000000 0.983009
1972.500000 0.980076
1980.000000 0.980722
1987.500000 0.982448
1995.000000 0.988116
2002.500000 1.000000
2010.000000 1.000000
2017.500000 1.000000
2025.000000 1.000000
2032.500000 1.000000
2040.000000 1.000000
2047.500000 1.000000
2055.000000 1.000000
2062.500000 1.000000
2070.000000 1.000000
2077.500000 1.000000
2085.000000 1.000000
2092.500000 1.000000
2100.000000 1.000000
2107.500000 1.000000
2115.000000 1.000000
2122.500000 1.000000
2130.000000 1.000000
2137.500000 1.000000
2145.000000 1.000000
2152.500000 1.000000
2160.000000 1.000000
2167.500000 1.000000
2175.000000 1.000000
2182.500000 1.000000
2190.000000 1.000000
2197.500000 1.000000
2205.000000 1.000000
2212.500000 1.000000
2220.000000 1.000000
2227.500000 1.000000
2235.000000 1.000000
2242.500000 1.000000
2250.000000 1.000000
2257.500000 1.000000
2265.000000 1.000000
2272.500000 1.000000
2280.000000 1.000000
2287.500000 1.000000
2295.000000 1.000000
2302.500000 1.000000
2310.000000 1.000000
2317.500000 1.000000
2325.000000 1.000000
2332.500000 1.000000
2340.000000 1.000000
2347.500000 1.000000
2355.000000 1.000000
2362.500000 1.000000
2370.000000 1.000000
2377.500000 1.000000
2385.000000 1.000000
2392.500000 1.000000
2400.000000 1.000000
2407.500000 1.000000
2415.000000 1.000000
2422.500000 1.000000
2430.000000 1.000000
2437.500000 1.000000
2445.000000 1.000000
2452.500000 1.000000
2460.000000 1.000000
2467.500000 1.000000
2475.000000 1.000000
2482.500000 1.000000
2490.000000 1.000000
2497.500000 1.000000
2505.000000 1.000000
2512.500000 1.000000
2520.000000 1.000000
2527.500000 1.000000
2535.000000 1.000000
2542.500000 1.000000
2550.000000 1.000000
2557.500000 1.000000
2565.000000 1.000000
2572.500000 1.000000
2580.000000 1.000000
2587.500000 1.000000
2595.000000 1.000000
2602.500000 1.000000
2610.000000 1.000000
2617.500000 1.000000
2625.000000 1.000000
2632.500000 1.000000
2640.000000 1.000000
2647.500000 1.000000
2655.000000 1.000000
2662.500000 1.000000
2670.000000 1.000000
2677.500000 1.000000
2685.000000 1.000000
2692.500000 1.000000
2700.000000 1.000000
2707.500000 1.000000
2715.000000 1.000000
2722.500000 1.000000
2730.000000 1.000000
2737.500000 1.000000
2745.000000 1.000000
2752.500000 1.000000
2760.000000 1.000000
2767.500000 1.000000
2775.000000 1.000000
2782.500000 1.000000
2790.000000 1.000000
2797.500000 1.000000
2805.000000 1.000000
2812.500000 1.000000
2820.000000 1.000000
2827.500000 1.000000
2835.000000 1.000000
2842.500000 1.000000
2850.000000 1.000000
2857.500000 1.000000
2865.000000 1.000000
2872.500000 1.000000
2880.000000 1.000000
2887.500000 1.000000
2895.000000 1.000000
2902.500000 1.000000
2910.000000 1.000000
2917.500000 1.000000
2925.000000 1.000000
2932.500000 1.000000
2940.000000 1.000000
2947.500000 1.000000
2955.000000 1.000000
2962.500000 1.000000
2970.000000 1.000000
2977.500000 1.000000
2985.000000 1.000000
2992.500000 1.000000
3000.000000 1.000000
3007.500000 1.000000
3015.000000 1.000000
3022.500000 1.000000
3030.000000 1.000000
3037.500000 1.000000
3045.000000 1.000000
3052.500000 1.000000
3060.000000 1.000000
3067.500000 1.000000
3075.000000 1.000000
3082.500000 1.000000
3090.000000 1.000000
3097.500000 1.000000
3105.000000 1.000000
3112.500000 1.000000
3120.000000 1.000000
3127.500000 1.000000
3135.000000 1.000000
3142.500000 1.000000
3150.000000 1.000000
3157.500000 1.000000
3165.000000 1.000000
3172.500000 1.000000
3180.000000 1.000000
3187.500000 1.000000
3195.000000 1.000000
3202.500000 1.000000
3210.000000 1.000000
3217.500000 1.000000
3225.000000 1.000000
3232.500000 1.000000
3240.000000 1.000000
3247.500000 1.000000
3255.000000 1.000000
3262.500000 1.000000
3270.000000 1.000000
3277.500000 1.000000
3285.000000 1.000000
3292.500000 1.000000
3300.000000 1.000000
3307.500000 1.000000
3315.000000 1.000000
3322.500000 1.000000
3330.000000 1.000000
3337.500000 1.000000
3345.000000 1.000000
3352.500000 1.000000
3360.000000 1.000000
3367.500000 1.000000
3375.000000 1.000000
3382.500000 1.000000
3390.000000 1.000000
3397.500000 1.000000
3405.000000 1.000000
3412.500000 1.000000
3420.000000 1.000000
3427.500000 1.000000
3435.000000 1.000000
3442.500000 1.000000
3450.000000 1.000000
3457.500000 1.000000
3465.000000 1.000000
3472.500000 1.000000
3480.000000 1.000000
3487.500000 1.000000
3495.000000 1.000000
3502.500000 1.000000
3510.000000 1.000000
3517.500000 1.000000
3525.000000 1.000000
3532.500000 1.000000
3540.000000 1.000000
3547.500000 1.000000
3555.000000 1.000000
3562.500000 1.000000
3570.000000 1.000000
3577.500000 1.000000
3585.000000 1.000000
3592.500000 1.000000
3600.000000 1.000000
3607.500000 1.000000
3615.000000 1.000000
3622.500000 1.000000
3630.000000 1.000000
3637.500000 1.000000
3645.000000 1.000000
3652.500000 1.000000
3660.000000 1.000000
3667.500000 1.000000
3675.000000 1.000000
3682.500000 1.000000
3690.000000 1.000000
3697.500000 1.000000
3705.000000 1.000000
3712.500000 1.000000
3720.000000 1.000000
3727.500000 1.000000
3735.000000 1.000000
3742.500000 1.000000
3750.000000 1.000000
3757.500000 1.000000
3765.000000 1.000000
3772.500000 1.000000
3780.000000 1.000000
3787.500000 1.000000
3795.000000 1.000000
3802.500000 1.000000
3810.000000 1.000000
3817.500000 1.000000
3825.000000 1.000000
3832.500000 1.000000
3840.000000 1.000000
3847.500000 1.000000
3855.000000 1.000000
3862.500000 1.000000
3870.000000 1.000000
3877.500000 1.000000
3885.000000 1.000000
3892.500000 1.000000
3900.000000 1.000000
3907.500000 1.000000
3915.000000 1.000000
3922.500000 1.000000
3930.000000 1.000000
3937.500000 1.000000
3945.000000 1.000000
3952.500000 1.000000
3960.000000 1.000000
3967.500000 1.000000
3975.000000 1.000000
3982.500000 1.000000
3990.000000 1.000000
3997.500000 1.000000
4005.000000 1.000000
4012.500000 1.000000
4020.000000 1.000000
4027.500000 1.000000
4035.000000 1.000000
4042.500000 1.000000
4050.000000 1.000000
4057.500000 1.000000
4065.000000 1.000000
4072.500000 1.000000
4080.000000 1.000000
4087.500000 1.000000
4095.000000 1.000000
4102.500000 1.000000
4110.000000 1.000000
4117.500000 1.000000
4125.000000 1.000000
4132.500000 1.000000
4140.000000 1.000000
4147.500000 1.000000
4155.000000 1.000000
4162.500000 1.000000
4170.000000 1.000000
4177.500000 1.000000
4185.000000 1.000000
4192.500000 1.000000
4200.000000 1.000000
4207.500000 1.000000
4215.000000 1.000000
4222.500000 1.000000
4230.000000 1.000000
4237.500000 1.000000
4245.000000 1.000000
4252.500000 1.000000
4260.000000 1.000000
4267.500000 1.000000
4275.000000 1.000000
4282.500000 1.000000
4290.000000 1.000000
4297.500000 1.000000
4305.000000 1.000000
4312.500000 1.000000
4320.000000 1.000000
4327.500000 1.000000
4335.000000 1.000000
4342.500000 1.000000
4350.000000 1.000000
4357.500000 1.000000
4365.000000 1.000000
4372.500000 1.000000
4380.000000 1.000000
4387.500000 1.000000
4395.000000 1.000000
4402.500000 1.000000
4410.000000 1.000000
4417.500000 1.000000
4425.000000 1.000000
4432.500000 1.000000
4440.000000 1.000000
4447.500000 1.000000
4455.000000 1.000000
4462.500000 1.000000
4470.000000 1.000000
4477.500000 1.000000
4485.000000 1.000000
4492.500000 1.000000
4500.000000 1.000000
4507.500000 1.000000
4515.000000 1.000000
4522.500000 1.000000
4530.000000 1.000000
4537.500000 1.000000
4545.000000 1.000000
4552.500000 1.000000
4560.000000 1.000000
4567.500000 1.000000
4575.000000 1.000000
4582.500000 1.000000
4590.000000 1.000000
4597.500000 1.000000
4605.000000 1.000000
4612.500000 1.000000
4620.000000 1.000000
4627.500000 1.000000
4635.000000 1.000000
4642.500000 1.000000
4650.000000 1.000000
4657.500000 1.000000
4665.000000 1.000000
4672.500000 1.000000
4680.000000 1.000000
4687.500000 1.000000
4695.000000 1.000000
4702.500000 1.000000
4710.000000 1.000000
4717.500000 1.000000
4725.000000 1.000000
4732.500000 1.000000
4740.000000 1.000000
4747.500000 1.000000
4755.000000 1.000000
4762.500000 1.000000
4770.000000 1.000000
4777.500000 1.000000
4785.000000 1.000000
4792.500000 1.000000
4800.000000 1.000000
4807.500000 1.000000
4815.000000 1.000000
4822.500000 1.000000
4830.000000 1.000000
4837.500000 1.000000
4845.000000 1.000000
4852.500000 1.000000
4860.000000 1.000000
4867.500000 1.000000
4875.000000 1.000000
4882.500000 1.000000
4890.000000 1.000000
4897.500000 1.000000
4905.000000 1.000000
4912.500000 1.000000
4920.000000 1.000000
4927.500000 1.000000
4935.000000 1.000000
4942.500000 1.000000
4950.000000 1.000000
4957.500000 1.000000
4965.000000 1.000000
4972.500000 1.000000
4980.000000 1.000000
4987.500000 1.000000
4995.000000 1.000000
5002.500000 1.000000
5010.000000 1.000000
5017.500000 1.000000
5025.000000 1.000000
5032.500000 1.000000
5040.000000 1.000000
5047.500000 1.000000
5055.000000 1.000000
5062.500000 1.000000
5070.000000 1.000000
5077.500000 1.000000
5085.000000 1.000000
5092.500000 1.000000
5100.000000 1.000000
5107.500000 1.000000
5115.000000 1.000000
5122.500000 1.000000
5130.000000 1.000000
5137.500000 1.000000
5145.000000 1.000000
5152.500000 1.000000
5160.000000 1.000000
5167.500000 1.000000
5175.000000 1.000000
5182.500000 1.000000
5190.000000 1.000000
5197.500000 1.000000
5205.000000 1.000000
5212.500000 1.000000
5220.000000 1.000000
5227.500000 1.000000
5235.000000 1.000000
5242.500000 1.000000
5250.000000 1.000000
5257.500000 1.000000
5265.000000 1.000000
5272.500000 1.000000
5280.000000 1.000000
5287.500000 1.000000
5295.000000 1.000000
5302.500000 1.000000
5310.000000 1.000000
5317.500000 1.000000
5325.000000 1.000000
5332.500000 1.000000
5340.000000 1.000000
5347.500000 1.000000
5355.000000 1.000000
5362.500000 1.000000
5370.000000 1.000000
5377.500000 1.000000
5385.000000 1.000000
5392.500000 1.000000
5400.000000 1.000000
5407.500000 1.000000
5415.000000 1.000000
5422.500000 1.000000
5430.000000 1.000000
5437.500000 1.000000
5445.000000 1.000000
5452.500000 1.000000
5460.000000 1.000000
5467.500000 1.000000
5475.000000 1.000000
5482.500000 1.000000
5490.000000 1.000000
5497.500000 1.000000
5505.000000 1.000000
5512.500000 1.000000
5520.000000 1.000000
5527.500000 1.000000
5535.000000 1.000000
5542.500000 1.000000
5550.000000 1.000000
5557.500000 1.000000
5565.000000 1.000000
5572.500000 1.000000
5580.000000 1.000000
5587.500000 1.000000
5595.000000 1.000000
5602.500000 1.000000
5610.000000 1.000000
5617.500000 1.000000
5625.000000 1.000000
5632.500000 1.000000
5640.000000 1.000000
5647.500000 1.000000
5655.000000 1.000000
5662.500000 1.000000
5670.000000 1.000000
5677.500000 1.000000
5685.000000 1.000000
5692.500000 1.000000
5700.000000 1.000000
5707.500000 1.000000
5715.000000 1.000000
5722.500000 1.000000
5730.000000 1.000000
5737.500000 1.000000
5745.000000 1.000000
5752.500000 1.000000
5760.000000 1.000000
5767.500000 1.000000
5775.000000 1.000000
5782.500000 1.000000
5790.000000 1.000000
5797.500000 1.000000
5805.000000 1.000000
5812.500000 1.000000
5820.000000 1.000000
5827.500000 1.000000
5835.000000 1.000000
5842.500000 1.000000
5850.000000 1.000000
5857.500000 1.000000
5865.000000 1.000000
5872.500000 1.000000
5880.000000 1.000000
5887.500000 1.000000
5895.000000 1.000000
5902.500000 1.000000
5910.000000 1.000000
5917.500000 1.000000
5925.000000 1.000000
5932.500000 1.000000
5940.000000 1.000000
5947.500000 1.000000
5955.000000 1.000000
5962.500000 1.000000
5970.000000 1.000000
5977.500000 1.000000
5985.000000 1.000000
5992.500000 1.000000
6000.000000 1.000000
6007.500000 1.000000
6015.000000 1.000000
6022.500000 1.000000
6030.000000 1.000000
6037.500000 1.000000
6045.000000 1.000000
6052.500000 1.000000
6060.000000 1.000000
6067.500000 1.000000
6075.000000 1.000000
6082.500000 1.000000
6090.000000 1.000000
6097.500000 1.000000
6105.000000 1.000000
6112.500000 1.000000
6120.000000 1.000000
6127.500000 1.000000
6135.000000 1.000000
6142.500000 1.000000
6150.000000 1.000000
6157.500000 1.000000
6165.000000 1.000000
6172.500000 1.000000
6180.000000 1.000000
6187.500000 1.000000
6195.000000 1.000000
6202.500000 1.000000
6210.000000 1.000000
6217.500000 1.000000
6225.000000 1.000000
6232.500000 1.000000
6240.000000 1.000000
6247.500000 1.000000
6255.000000 1.000000
6262.500000 1.000000
6270.000000 1.000000
6277.500000 1.000000
6285.000000 1.000000
6292.500000 1.000000
6300.000000 1.000000
6307.500000 1.000000
6315.000000 1.000000
6322.500000 1.000000
6330.000000 1.000000
6337.500000 1.000000
6345.000000 1.000000
6352.500000 1.000000
6360.000000 1.000000
6367.500000 1.000000
6375.000000 1.000000
6382.500000 1.000000
6390.000000 1.000000
6397.500000 1.000000
6405.000000 1.000000
6412.500000 1.000000
6420.000000 1.000000
6427.500000 1.000000
6435.000000 1.000000
6442.500000 1.000000
6450.000000 1.000000
6457.500000 1.000000
6465.000000 1.000000
6472.500000 1.000000
6480.000000 1.000000
6487.500000 1.000000
6495.000000 1.000000
6502.500000 1.000000
6510.000000 1.000000
6517.500000 1.000000
6525.000000 1.000000
6532.500000 1.000000
6540.000000 1.000000
6547.500000 1.000000
6555.000000 1.000000
6562.500000 1.000000
6570.000000 1.000000
6577.500000 1.000000
6585.000000 1.000000
6592.500000 1.000000
6600.000000 1.000000
6607.500000 1.000000
6615.000000 1.000000
6622.500000 1.000000
6630.000000 1.000000
6637.500000 1.000000
6645.000000 1.000000
6652.500000 1.000000
6660.000000 1.000000
6667.500000 1.000000
6675.000000 1.000000
6682.500000 1.000000
6690.000000 1.000000
6697.500000 1.000000
6705.000000 1.000000
6712.500000 1.000000
6720.000000 1.000000
6727.500000 1.000000
6735.000000 1.000000
6742.500000 1.000000
6750.000000 1.000000
6757.500000 1.000000
6765.000000 1.000000
6772.500000 1.000000
6780.000000 1.000000
6787.500000 1.000000
6795.000000 1.000000
6802.500000 1.000000
6810.000000 1.000000
6817.500000 1.000000
6825.000000 1.000000
6832.500000 1.000000
6840.000000 1.000000
6847.500000 1.000000
6855.000000 1.000000
6862.500000 1.000000
6870.000000 1.000000
6877.500000 1.000000
6885.000000 1.000000
6892.500000 1.000000
6900.000000 1.000000
6907.500000 1.000000
6915.000000 1.000000
6922.500000 1.000000
6930.000000 1.000000
6937.500000 1.000000
6945.000000 1.000000
6952.500000 1.000000
6960.000000 1.000000
6967.500000 1.000000
6975.000000 1.000000
6982.500000 1.000000
6990.000000 1.000000
6997.500000 1.000000
7005.000000 1.000000
7012.500000 1.000000
7020.000000 1.000000
7027.500000 1.000000
7035.000000 1.000000
7042.500000 1.000000
7050.000000 1.000000
7057.500000 1.000000
7065.000000 1.000000
7072.500000 1.000000
7080.000000 1.000000
7087.500000 1.000000
7095.000000 1.000000
7102.500000 1.000000
7110.000000 1.000000
7117.500000 1.000000
7125.000000 1.000000
7132.500000 1.000000
7140.000000 1.000000
7147.500000 1.000000
7155.000000 1.000000
7162.500000 1.000000
7170.000000 1.000000
7177.500000 1.000000
7185.000000 1.000000
7192.500000 1.000000
7200.000000 1.000000
7207.500000 1.000000
7215.000000 1.000000
7222.500000 1.000000
7230.000000 1.000000
7237.500000 1.000000
7245.000000 1.000000
7252.500000 1.000000
7260.000000 1.000000
7267.500000 1.000000
7275.000000 1.000000
7282.500000 1.000000
7290.000000 1.000000
7297.500000 1.000000
7305.000000 1.000000
7312.500000 1.000000
7320.000000 1.000000
7327.500000 1.000000
7335.000000 1.000000
7342.500000 1.000000
7350.000000 1.000000
7357.500000 1.000000
7365.000000 1.000000
7372.500000 1.000000
7380.000000 1.000000
7387.500000 1.000000
7395.000000 1.000000
7402.500000 1.000000
7410.000000 1.000000
7417.500000 1.000000
7425.000000 1.000000
7432.500000 1.000000
7440.000000 1.000000
7447.500000 1.000000
7455.000000 1.000000
7462.500000 1.000000
7470.000000 1.000000
7477.500000 1.000000
7485.000000 1.000000
7492.500000 1.000000
7500.000000 1.000000
7507.500000 1.000000
7515.000000 1.000000
7522.500000 1.000000
7530.000000 1.000000
7537.500000 1.000000
7545.000000 1.000000
7552.500000 1.000000
7560.000000 1.000000
7567.500000 1.000000
7575.000000 1.000000
7582.500000 1.000000
7590.000000 1.000000
7597.500000 1.000000
7605.000000 1.000000
7612.500000 1.000000
7620.000000 1.000000
7627.500000 1.000000
7635.000000 1.000000
7642.500000 1.000000
7650.000000 1.000000
7657.500000 1.000000
7665.000000 1.000000
7672.500000 1.000000
7680.000000 1.000000
7687.500000 1.000000
7695.000000 1.000000
7702.500000 1.000000
7710.000000 1.000000
7717.500000 1.000000
7725.000000 1.000000
7732.500000 1.000000
7740.000000 1.000000
7747.500000 1.000000
7755.000000 1.000000
7762.500000 1.000000
7770.000000 1.000000
7777.500000 1.000000
7785.000000 1.000000
7792.500000 1.000000
7800.000000 1.000000
7807.500000 1.000000
7815.000000 1.000000
7822.500000 1.000000
7830.000000 1.000000
7837.500000 1.000000
7845.000000 1.000000
7852.500000 1.000000
7860.000000 1.000000
7867.500000 1.000000
7875.000000 1.000000
7882.500000 1.000000
7890.000000 1.000000
7897.500000 1.000000
7905.000000 1.000000
7912.500000 1.000000
7920.000000 1.000000
7927.500000 1.000000
7935.000000 1.000000
7942.500000 1.000000
7950.000000 1.000000
7957.500000 1.000000
7965.000000 1.000000
7972.500000 1.000000
7980.000000 1.000000
7987.500000 1.000000
7995.000000 1.000000
8002.500000 1.000000
8010.000000 1.000000
8017.500000 1.000000
8025.000000 1.000000
8032.500000 1.000000
8040.000000 1.000000
8047.500000 1.000000
8055.000000 1.000000
8062.500000 1.000000
8070.000000 1.000000
8077.500000 1.000000
8085.000000 1.000000
8092.500000 1.000000
8100.000000 1.000000
8107.500000 1.000000
8115.000000 1.000000
8122.500000 1.000000
8130.000000 1.000000
8137.500000 1.000000
8145.000000 1.000000
8152.500000 1.000000
8160.000000 1.000000
8167.500000 1.000000
8175.000000 1.000000
8182.500000 1.000000
8190.000000 1.000000
8197.500000 1.000000
8205.000000 1.000000
8212.500000 1.000000
8220.000000 1.000000
8227.500000 1.000000
8235.000000 1.000000
8242.500000 1.000000
8250.000000 1.000000
8257.500000 1.000000
8265.000000 1.000000
8272.500000 1.000000
8280.000000 1.000000
8287.500000 1.000000
8295.000000 1.000000
8302.500000 1.000000
8310.000000 1.000000
8317.500000 1.000000
8325.000000 1.000000
8332.500000 1.000000
8340.000000 1.000000
8347.500000 1.000000
8355.000000 1.000000
8362.500000 1.000000
8370.000000 1.000000
8377.500000 1.000000
8385.000000 1.000000
8392.500000 1.000000
8400.000000 1.000000
8407.500000 1.000000
8415.000000 1.000000
8422.500000 1.000000
8430.000000 1.000000
8437.500000 1.000000
8445.000000 1.000000
8452.500000 1.000000
8460.000000 1.000000
8467.500000 1.000000
8475.000000 1.000000
8482.500000 1.000000
8490.000000 1.000000
8497.500000 1.000000
8505.000000 1.000000
8512.500000 1.000000
8520.000000 1.000000
8527.500000 1.000000
8535.000000 1.000000
8542.500000 1.000000
8550.000000 1.000000
8557.500000 1.000000
8565.000000 1.000000
8572.500000 1.000000
8580.000000 1.000000
8587.500000 1.000000
8595.000000 1.000000
8602.500000 1.000000
8610.000000 1.000000
8617.500000 1.000000
8625.000000 1.000000
8632.500000 1.000000
8640.000000 1.000000
8647.500000 1.000000
8655.000000 1.000000
8662.500000 1.000000
8670.000000 1.000000
8677.500000 1.000000
8685.000000 1.000000
8692.500000 1.000000
8700.000000 1.000000
8707.500000 1.000000
8715.000000 1.000000
8722.500000 1.000000
8730.000000 1.000000
8737.500000 1.000000
8745.000000 1.000000
8752.500000 1.000000
8760.000000 1.000000
8767.500000 1.000000
8775.000000 1.000000
8782.500000 1.000000
8790.000000 1.000000
8797.500000 1.000000
8805.000000 1.000000
8812.500000 1.000000
8820.000000 1.000000
8827.500000 1.000000
8835.000000 1.000000
8842.500000 1.000000
8850.000000 1.000000
8857.500000 1.000000
8865.000000 1.000000
8872.500000 1.000000
8880.000000 1.000000
8887.500000 1.000000
8895.000000 1.000000
8902.500000 1.000000
8910.000000 1.000000
8917.500000 1.000000
8925.000000 1.000000
8932.500000 1.000000
8940.000000 1.000000
8947.500000 1.000000
8955.000000 1.000000
8962.500000 1.000000
8970.000000 1.000000
8977.500000 1.000000
8985.000000 1.000000
8992.500000 1.000000
9000.000000 1.000000
9007.500000 1.000000
9015.000000 1.000000
9022.500000 1.000000
9030.000000 1.000000
9037.500000 1.000000
9045.000000 1.000000
9052.500000 1.000000
9060.000000 1.000000
9067.500000 1.000000
9075.000000 1.000000
9082.500000 1.000000
9090.000000 1.000000
9097.500000 1.000000
9105.000000 1.000000
9112.500000 1.000000
9120.000000 1.000000
9127.500000 1.000000
9135.000000 1.000000
9142.500000 1.000000
9150.000000 1.000000
9157.500000 1.000000
9165.000000 1.000000
9172.500000 1.000000
9180.000000 1.000000
9187.500000 1.000000
9195.000000 1.000000
9202.500000 1.000000
9210.000000 1.000000
9217.500000 1.000000
9225.000000 1.000000
9232.500000 1.000000
9240.000000 1.000000
9247.500000 1.000000
9255.000000 1.000000
9262.500000 1.000000
9270.000000 1.000000
9277.500000 1.000000
9285.000000 1.000000
9292.500000 1.000000
9300.000000 1.000000
9307.500000 1.000000
9315.000000 1.000000
9322.500000 1.000000
9330.000000 1.000000
9337.500000 1.000000
9345.000000 1.000000
9352.500000 1.000000
9360.000000 1.000000
9367.500000 1.000000
9375.000000 1.000000
9382.500000 1.000000
9390.000000 1.000000
9397.500000 1.000000
9405.000000 1.000000
9412.500000 1.000000
9420.000000 1.000000
9427.500000 1.000000
9435.000000 1.000000
9442.500000 1.000000
9450.000000 1.000000
9457.500000 1.000000
9465.000000 1.000000
9472.500000 1.000000
9480.000000 1.000000
9487.500000 1.000000
9495.000000 1.000000
9502.500000 1.000000
9510.000000 1.000000
9517.500000 1.000000
9525.000000 1.000000
9532.500000 1.000000
9540.000000 1.000000
9547.500000 1.000000
9555.000000 1.000000
9562.500000 1.000000
9570.000000 1.000000
9577.500000 1.000000
9585.000000 1.000000
9592.500000 1.000000
9600.000000 1.000000
9607.500000 1.000000
9615.000000 1.000000
9622.500000 1.000000
9630.000000 1.000000
9637.500000 1.000000
9645.000000 1.000000
9652.500000 1.000000
9660.000000 1.000000
9667.500000 1.000000
9675.000000 1.000000
9682.500000 1.000000
9690.000000 1.000000
9697.500000 1.000000
9705.000000 1.000000
9712.500000 1.000000
9720.000000 1.000000
9727.500000 1.000000
9735.000000 1.000000
9742.500000 1.000000
9750.000000 1.000000
9757.500000 1.000000
9765.000000 1.000000
9772.500000 1.000000
9780.000000 1.000000
9787.500000 1.000000
9795.000000 1.000000
9802.500000 1.000000
9810.000000 1.000000
9817.500000 1.000000
9825.000000 1.000000
9832.500000 1.000000
9840.000000 1.000000
9847.500000 1.000000
9855.000000 1.000000
9862.500000 1.000000
9870.000000 1.000000
9877.500000 1.000000
9885.000000 1.000000
9892.500000 1.000000
9900.000000 1.000000
9907.500000 1.000000
9915.000000 1.000000
9922.500000 1.000000
9930.000000 1.000000
9937.500000 1.000000
9945.000000 1.000000
9952.500000 1.000000
9960.000000 1.000000
9967.500000 1.000000
9975.000000 1.000000
9982.500000 1.000000
9990.000000 1.000000
9997.500000 1.000000
10005.000000 1.000000
10012.500000 1.000000
10020.000000 1.000000
10027.500000 1.000000
10035.000000 1.000000
10042.500000 1.000000
10050.000000 1.000000
10057.500000 1.000000
10065.000000 1.000000
10072.500000 1.000000
10080.000000 1.000000
10087.500000 1.000000
10095.000000 1.000000
10102.500000 1.000000
10110.000000 1.000000
10117.500000 1.000000
10125.000000 1.000000
10132.500000 1.000000
10140.000000 1.000000
10147.500000 1.000000
10155.000000 1.000000
10162.500000 1.000000
10170.000000 1.000000
10177.500000 1.000000
10185.000000 1.000000
10192.500000 1.000000
10200.000000 1.000000
10207.500000 1.000000
10215.000000 1.000000
10222.500000 1.000000
10230.000000 1.000000
10237.500000 1.000000
10245.000000 1.000000
10252.500000 1.000000
10260.000000 1.000000
10267.500000 1.000000
10275.000000 1.000000
10282.500000 1.000000
10290.000000 1.000000
10297.500000 1.000000
10305.000000 1.000000
10312.500000 1.000000
10320.000000 1.000000
10327.500000 1.000000
10335.000000 1.000000
10342.500000 1.000000
10350.000000 1.000000
10357.500000 1.000000
10365.000000 1.000000
10372.500000 1.000000
10380.000000 1.000000
10387.500000 1.000000
10395.000000 1.000000
10402.500000 1.000000
10410.000000 1.000000
10417.500000 1.000000
10425.000000 1.000000
10432.500000 1.000000
10440.000000 1.000000
10447.500000 1.000000
10455.000000 1.000000
10462.500000 1.000000
10470.000000 1.000000
10477.500000 1.000000
10485.000000 1.000000
10492.500000 1.000000
10500.000000 1.000000
10507.500000 1.000000
10515.000000 1.000000
10522.500000 1.000000
10530.000000 1.000000
10537.500000 1.000000
10545.000000 1.000000
10552.500000 1.000000
10560.000000 1.000000
10567.500000 1.000000
10575.000000 1.000000
10582.500000 1.000000
10590.000000 1.000000
10597.500000 1.000000
10605.000000 1.000000
10612.500000 1.000000
10620.000000 1.000000
10627.500000 1.000000
10635.000000 1.000000
10642.500000 1.000000
10650.000000 1.000000
10657.500000 1.000000
10665.000000 1.000000
10672.500000 1.000000
10680.000000 1.000000
10687.500000 1.000000
10695.000000 1.000000
10702.500000 1.000000
10710.000000 1.000000
10717.500000 1.000000
10725.000000 1.000000
10732.500000 1.000000
10740.000000 1.000000
10747.500000 1.000000
10755.000000 1.000000
10762.500000 1.000000
10770.000000 1.000000
10777.500000 1.000000
10785.000000 1.000000
10792.500000 1.000000
10800.000000 1.000000
10807.500000 1.000000
10815.000000 1.000000
10822.500000 1.000000
10830.000000 1.000000
10837.500000 1.000000
10845.000000 1.000000
10852.500000 1.000000
10860.000000 1.000000
10867.500000 1.000000
10875.000000 1.000000
10882.500000 1.000000
10890.000000 1.000000
10897.500000 1.000000
10905.000000 1.000000
10912.500000 1.000000
10920.000000 1.000000
10927.500000 1.000000
10935.000000 1.000000
10942.500000 1.000000
10950.000000 1.000000
10957.500000 1.000000
10965.000000 1.000000
10972.500000 1.000000
10980.000000 1.000000
10987.500000 1.000000
10995.000000 1.000000
11002.500000 1.000000
11010.000000 1.000000
11017.500000 1.000000
11025.000000 1.000000
11032.500000 1.000000
11040.000000 1.000000
11047.500000 1.000000
11055.000000 1.000000
11062.500000 1.000000
11070.000000 1.000000
11077.500000 1.000000
11085.000000 1.000000
11092.500000 1.000000
11100.000000 1.000000
11107.500000 1.000000
11115.000000 1.000000
11122.500000 1.000000
11130.000000 1.000000
11137.500000 1.000000
11145.000000 1.000000
11152.500000 1.000000
11160.000000 1.000000
11167.500000 1.000000
11175.000000 1.000000
11182.500000 1.000000
11190.000000 1.000000
11197.500000 1.000000
11205.000000 1.000000
11212.500000 1.000000
11220.000000 1.000000
11227.500000 1.000000
11235.000000 1.000000
11242.500000 1.000000
11250.000000 1.000000
11257.500000 1.000000
11265.000000 1.000000
11272.500000 1.000000
11280.000000 1.000000
11287.500000 1.000000
11295.000000 1.000000
11302.500000 1.000000
11310.000000 1.000000
11317.500000 1.000000
11325.000000 1.000000
11332.500000 1.000000
11340.000000 1.000000
11347.500000 1.000000
11355.000000 1.000000
11362.500000 1.000000
11370.000000 1.000000
11377.500000 1.000000
11385.000000 1.000000
11392.500000 1.000000
11400.000000 1.000000
11407.500000 1.000000
11415.000000 1.000000
11422.500000 1.000000
11430.000000 1.000000
11437.500000 1.000000
11445.000000 1.000000
11452.500000 1.000000
11460.000000 1.000000
11467.500000 1.000000
11475.000000 1.000000
11482.500000 1.000000
11490.000000 1.000000
11497.500000 1.000000
11505.000000 1.000000
11512.500000 1.000000
11520.000000 1.000000
11527.500000 1.000000
11535.000000 1.000000
11542.500000 1.000000
11550.000000 1.000000
11557.500000 1.000000
11565.000000 1.000000
11572.500000 1.000000
11580.000000 1.000000
11587.500000 1.000000
11595.000000 1.000000
11602.500000 1.000000
11610.000000 1.000000
11617.500000 1.000000
11625.000000 1.000000
11632.500000 1.000000
11640.000000 1.000000
11647.500000 1.000000
11655.000000 1.000000
11662.500000 1.000000
11670.000000 1.000000
11677.500000 1.000000
11685.000000 1.000000
11692.500000 1.000000
11700.000000 1.000000
11707.500000 1.000000
11715.000000 1.000000
11722.500000 1.000000
11730.000000 1.000000
11737.500000 1.000000
11745.000000 1.000000
11752.500000 1.000000
11760.000000 1.000000
11767.500000 1.000000
11775.000000 1.000000
11782.500000 1.000000
11790.000000 1.000000
11797.500000 1.000000
11805.000000 1.000000
11812.500000 1.000000
11820.000000 1.000000
11827.500000 1.000000
11835.000000 1.000000
11842.500000 1.000000
11850.000000 1.000000
11857.500000 1.000000
11865.000000 1.000000
11872.500000 1.000000
11880.000000 1.000000
11887.500000 1.000000
11895.000000 1.000000
11902.500000 1.000000
11910.000000 1.000000
11917.500000 1.000000
11925.000000 1.000000
11932.500000 1.000000
11940.000000 1.000000
11947.500000 1.000000
11955.000000 1.000000
11962.500000 1.000000
11970.000000 1.000000
11977.500000 1.000000
11985.000000 1.000000
11992.500000 1.000000
12000.000000 1.000000
12007.500000 1.000000
12015.000000 1.000000
12022.500000 1.000000
12030.000000 1.000000
12037.500000 1.000000
12045.000000 1.000000
12052.500000 1.000000
12060.000000 1.000000
12067.500000 1.000000
12075.000000 1.000000
12082.500000 1.000000
12090.000000 1.000000
12097.500000 1.000000
12105.000000 1.000000
12112.500000 1.000000
12120.000000 1.000000
12127.500000 1.000000
12135.000000 1.000000
12142.500000 1.000000
12150.000000 1.000000
12157.500000 1.000000
12165.000000 1.000000
12172.500000 1.000000
12180.000000 1.000000
12187.500000 1.000000
12195.000000 1.000000
12202.500000 1.000000
12210.000000 1.000000
12217.500000 1.000000
12225.000000 1.000000
12232.500000 1.000000
12240.000000 1.000000
12247.500000 1.000000
12255.000000 1.000000
12262.500000 1.000000
12270.000000 1.000000
12277.500000 1.000000
12285.000000 1.000000
12292.500000 1.000000
12300.000000 1.000000
12307.500000 1.000000
12315.000000 1.000000
12322.500000 1.000000
12330.000000 1.000000
12337.500000 1.000000
12345.000000 1.000000
12352.500000 1.000000
12360.000000 1.000000
12367.500000 1.000000
12375.000000 1.000000
12382.500000 1.000000
12390.000000 1.000000
12397.500000 1.000000
12405.000000 1.000000
12412.500000 1.000000
12420.000000 1.000000
12427.500000 1.000000
12435.000000 1.000000
12442.500000 1.000000
12450.000000 1.000000
12457.500000 1.000000
12465.000000 1.000000
12472.500000 1.000000
12480.000000 1.000000
12487.500000 1.000000
12495.000000 1.000000
12502.500000 1.000000
12510.000000 1.000000
12517.500000 1.000000
12525.000000 1.000000
12532.500000 1.000000
12540.000000 1.000000
12547.500000 1.000000
12555.000000 1.000000
12562.500000 1.000000
12570.000000 1.000000
12577.500000 1.000000
12585.000000 1.000000
12592.500000 1.000000
12600.000000 1.000000
12607.500000 1.000000
12615.000000 1.000000
12622.500000 1.000000
12630.000000 1.000000
12637.500000 1.000000
12645.000000 1.000000
12652.500000 1.000000
12660.000000 1.000000
12667.500000 1.000000
12675.000000 1.000000
12682.500000 1.000000
12690.000000 1.000000
12697.500000 1.000000
12705.000000 1.000000
12712.500000 1.000000
12720.000000 1.000000
12727.500000 1.000000
12735.000000 1.000000
12742.500000 1.000000
12750.000000 1.000000
12757.500000 1.000000
12765.000000 1.000000
12772.500000 1.000000
12780.000000 1.000000
12787.500000 1.000000
12795.000000 1.000000
12802.500000 1.000000
12810.000000 1.000000
12817.500000 1.000000
12825.000000 1.000000
12832.500000 1.000000
12840.000000 1.000000
12847.500000 1.000000
12855.000000 1.000000
12862.500000 1.000000
12870.000000 1.000000
12877.500000 1.000000
12885.000000 1.000000
12892.500000 1.000000
12900.000000 1.000000
12907.500000 1.000000
12915.000000 1.000000
12922.500000 1.000000
12930.000000 1.000000
12937.500000 1.000000
12945.000000 1.000000
12952.500000 1.000000
12960.000000 1.000000
12967.500000 1.000000
12975.000000 1.000000
12982.500000 1.000000
12990.000000 1.000000
12997.500000 1.000000
13005.000000 1.000000
13012.500000 1.000000
13020.000000 1.000000
13027.500000 1.000000
13035.000000 1.000000
13042.500000 1.000000
13050.000000 1.000000
13057.500000 1.000000
13065.000000 1.000000
13072.500000 1.000000
13080.000000 1.000000
13087.500000 1.000000
13095.000000 1.000000
13102.500000 1.000000
13110.000000 1.000000
13117.500000 1.000000
13125.000000 1.000000
13132.500000 1.000000
13140.000000 1.000000
13147.500000 1.000000
13155.000000 1.000000
13162.500000 1.000000
13170.000000 1.000000
13177.500000 1.000000
13185.000000 1.000000
13192.500000 1.000000
13200.000000 1.000000
13207.500000 1.000000
13215.000000 1.000000
13222.500000 1.000000
13230.000000 1.000000
13237.500000 1.000000
13245.000000 1.000000
13252.500000 1.000000
13260.000000 1.000000
13267.500000 1.000000
13275.000000 1.000000
13282.500000 1.000000
13290.000000 1.000000
13297.500000 1.000000
13305.000000 1.000000
13312.500000 1.000000
13320.000000 1.000000
13327.500000 1.000000
13335.000000 1.000000
13342.500000 1.000000
13350.000000 1.000000
13357.500000 1.000000
13365.000000 1.000000
13372.500000 1.000000
13380.000000 1.000000
13387.500000 1.000000
13395.000000 1.000000
13402.500000 1.000000
13410.000000 1.000000
13417.500000 1.000000
13425.000000 1.000000
13432.500000 1.000000
13440.000000 1.000000
13447.500000 1.000000
13455.000000 1.000000
13462.500000 1.000000
13470.000000 1.000000
13477.500000 1.000000
13485.000000 1.000000
13492.500000 1.000000
13500.000000 1.000000
13507.500000 1.000000
13515.000000 1.000000
13522.500000 1.000000
13530.000000 1.000000
13537.500000 1.000000
13545.000000 1.000000
13552.500000 1.000000
13560.000000 1.000000
13567.500000 1.000000
13575.000000 1.000000
13582.500000 1.000000
13590.000000 1.000000
13597.500000 1.000000
13605.000000 1.000000
13612.500000 1.000000
13620.000000 1.000000
13627.500000 1.000000
13635.000000 1.000000
13642.500000 1.000000
13650.000000 1.000000
13657.500000 1.000000
13665.000000 1.000000
13672.500000 1.000000
13680.000000 1.000000
13687.500000 1.000000
13695.000000 1.000000
13702.500000 1.000000
13710.000000 1.000000
13717.500000 1.000000
13725.000000 1.000000
13732.500000 1.000000
13740.000000 1.000000
13747.500000 1.000000
13755.000000 1.000000
13762.500000 1.000000
13770.000000 1.000000
13777.500000 1.000000
13785.000000 1.000000
13792.500000 1.000000
13800.000000 1.000000
13807.500000 1.000000
13815.000000 1.000000
13822.500000 1.000000
13830.000000 1.000000
13837.500000 1.000000
13845.000000 1.000000
13852.500000 1.000000
13860.000000 1.000000
13867.500000 1.000000
13875.000000 1.000000
13882.500000 1.000000
13890.000000 1.000000
13897.500000 1.000000
13905.000000 1.000000
13912.500000 1.000000
13920.000000 1.000000
13927.500000 1.000000
13935.000000 1.000000
13942.500000 1.000000
13950.000000 1.000000
13957.500000 1.000000
13965.000000 1.000000
13972.500000 1.000000
13980.000000 1.000000
13987.500000 1.000000
13995.000000 1.000000
14002.500000 1.000000
14010.000000 1.000000
14017.500000 1.000000
14025.000000 1.000000
14032.500000 1.000000
14040.000000 1.000000
14047.500000 1.000000
14055.000000 1.000000
14062.500000 1.000000
14070.000000 1.000000
14077.500000 1.000000
14085.000000 1.000000
14092.500000 1.000000
14100.000000 1.000000
14107.500000 1.000000
14115.000000 1.000000
14122.500000 1.000000
14130.000000 1.000000
14137.500000 1.000000
14145.000000 1.000000
14152.500000 1.000000
14160.000000 1.000000
14167.500000 1.000000
14175.000000 1.000000
14182.500000 1.000000
14190.000000 1.000000
14197.500000 1.000000
14205.000000 1.000000
14212.500000 1.000000
14220.000000 1.000000
14227.500000 1.000000
14235.000000 1.000000
14242.500000 1.000000
14250.000000 1.000000
14257.500000 1.000000
14265.000000 1.000000
14272.500000 1.000000
14280.000000 1.000000
14287.500000 1.000000
14295.000000 1.000000
14302.500000 1.000000
14310.000000 1.000000
14317.500000 1.000000
14325.000000 1.000000
14332.500000 1.000000
14340.000000 1.000000
14347.500000 1.000000
14355.000000 1.000000
14362.500000 1.000000
14370.000000 1.000000
14377.500000 1.000000
14385.000000 1.000000
14392.500000 1.000000
14400.000000 1.000000
14407.500000 1.000000
14415.000000 1.000000
14422.500000 1.000000
14430.000000 1.000000
14437.500000 1.000000
14445.000000 1.000000
14452.500000 1.000000
14460.000000 1.000000
14467.500000 1.000000
14475.000000 1.000000
14482.500000 1.000000
14490.000000 1.000000
14497.500000 1.000000
14505.000000 1.000000
14512.500000 1.000000
14520.000000 1.000000
14527.500000 1.000000
14535.000000 1.000000
14542.500000 1.000000
14550.000000 1.000000
14557.500000 1.000000
14565.000000 1.000000
14572.500000 1.000000
14580.000000 1.000000
14587.500000 1.000000
14595.000000 1.000000
14602.500000 1.000000
14610.000000 1.000000
14617.500000 1.000000
14625.000000 1.000000
14632.500000 1.000000
14640.000000 1.000000
14647.500000 1.000000
14655.000000 1.000000
14662.500000 1.000000
14670.000000 1.000000
14677.500000 1.000000
14685.000000 1.000000
14692.500000 1.000000
14700.000000 1.000000
14707.500000 1.000000
14715.000000 1.000000
14722.500000 1.000000
14730.000000 1.000000
14737.500000 1.000000
14745.000000 1.000000
14752.500000 1.000000
14760.000000 1.000000
14767.500000 1.000000
14775.000000 1.000000
14782.500000 1.000000
14790.000000 1.000000
14797.500000 1.000000
14805.000000 1.000000
14812.500000 1.000000
14820.000000 1.000000
14827.500000 1.000000
14835.000000 1.000000
14842.500000 1.000000
14850.000000 1.000000
14857.500000 1.000000
14865.000000 1.000000
14872.500000 1.000000
14880.000000 1.000000
14887.500000 1.000000
14895.000000 1.000000
14902.500000 1.000000
14910.000000 1.000000
14917.500000 1.000000
14925.000000 1.000000
14932.500000 1.000000
14940.000000 1.000000
14947.500000 1.000000
14955.000000 1.000000
14962.500000 1.000000
14970.000000 1.000000
14977.500000 1.000000
14985.000000 1.000000
14992.500000 1.000000
15000.000000 1.000000
15007.500000 1.000000
15015.000000 1.000000
15022.500000 1.000000
15030.000000 1.000000
15037.500000 1.000000
15045.000000 1.000000
15052.500000 1.000000
15060.000000 1.000000
15067.500000 1.000000
15075.000000 1.000000
15082.500000 1.000000
15090.000000 1.000000
15097.500000 1.000000
15105.000000 1.000000
15112.500000 1.000000
15120.000000 1.000000
15127.500000 1.000000
15135.000000 1.000000
15142.500000 1.000000
15150.000000 1.000000
15157.500000 1.000000
15165.000000 1.000000
15172.500000 1.000000
15180.000000 1.000000
15187.500000 1.000000
15195.000000 1.000000
15202.500000 1.000000
15210.000000 1.000000
15217.500000 1.000000
15225.000000 1.000000
15232.500000 1.000000
15240.000000 1.000000
15247.500000 1.000000
15255.000000 1.000000
15262.500000 1.000000
15270.000000 1.000000
15277.500000 1.000000
15285.000000 1.000000
15292.500000 1.000000
15300.000000 1.000000
15307.500000 1.000000
15315.000000 1.000000
15322.500000 1.000000
15330.000000 1.000000
15337.500000 1.000000
15345.000000 1.000000
15352.500000 1.000000
15360.000000 1.000000
15367.500000 1.000000
15375.000000 1.000000
15382.500000 1.000000
15390.000000 1.000000
15397.500000 1.000000
15405.000000 1.000000
15412.500000 1.000000
15420.000000 1.000000
15427.500000 1.000000
15435.000000 1.000000
15442.500000 1.000000
15450.000000 1.000000
15457.500000 1.000000
15465.000000 1.000000
15472.500000 1.000000
15480.000000 1.000000
15487.500000 1.000000
15495.000000 1.000000
15502.500000 1.000000
15510.000000 1.000000
15517.500000 1.000000
15525.000000 1.000000
15532.500000 1.000000
15540.000000 1.000000
15547.500000 1.000000
15555.000000 1.000000
15562.500000 1.000000
15570.000000 1.000000
15577.500000 1.000000
15585.000000 1.000000
15592.500000 1.000000
15600.000000 1.000000
15607.500000 1.000000
15615.000000 1.000000
15622.500000 1.000000
15630.000000 1.000000
15637.500000 1.000000
15645.000000 1.000000
15652.500000 1.000000
15660.000000 1.000000
15667.500000 1.000000
15675.000000 1.000000
15682.500000 1.000000
15690.000000 1.000000
15697.500000 1.000000
15705.000000 1.000000
15712.500000 1.000000
15720.000000 1.000000
15727.500000 1.000000
15735.000000 1.000000
15742.500000 1.000000
15750.000000 1.000000
15757.500000 1.000000
15765.000000 1.000000
15772.500000 1.000000
15780.000000 1.000000
15787.500000 1.000000
15795.000000 1.000000
15802.500000 1.000000
15810.000000 1.000000
15817.500000 1.000000
15825.000000 1.000000
15832.500000 1.000000
15840.000000 1.000000
15847.500000 1.000000
15855.000000 1.000000
15862.500000 1.000000
15870.000000 1.000000
15877.500000 1.000000
15885.000000 1.000000
15892.500000 1.000000
15900.000000 1.000000
15907.500000 1.000000
15915.000000 1.000000
15922.500000 1.000000
15930.000000 1.000000
15937.500000 1.000000
15945.000000 1.000000
15952.500000 1.000000
15960.000000 1.000000
15967.500000 1.000000
15975.000000 1.000000
15982.500000 1.000000
15990.000000 1.000000
15997.500000 1.000000
16005.000000 1.000000
16012.500000 1.000000
16020.000000 1.000000
16027.500000 1.000000
16035.000000 1.000000
16042.500000 1.000000
16050.000000 1.000000
16057.500000 1.000000
16065.000000 1.000000
16072.500000 1.000000
16080.000000 1.000000
16087.500000 1.000000
16095.000000 1.000000
16102.500000 1.000000
16110.000000 1.000000
16117.500000 1.000000
16125.000000 1.000000
16132.500000 1.000000
16140.000000 1.000000
16147.500000 1.000000
16155.000000 1.000000
16162.500000 1.000000
16170.000000 1.000000
16177.500000 1.000000
16185.000000 1.000000
16192.500000 1.000000
16200.000000 1.000000
16207.500000 1.000000
16215.000000 1.000000
16222.500000 1.000000
16230.000000 1.000000
16237.500000 1.000000
16245.000000 1.000000
16252.500000 1.000000
16260.000000 1.000000
16267.500000 1.000000
16275.000000 1.000000
16282.500000 1.000000
16290.000000 1.000000
16297.500000 1.000000
16305.000000 1.000000
16312.500000 1.000000
16320.000000 1.000000
16327.500000 1.000000
16335.000000 1.000000
16342.500000 1.000000
16350.000000 1.000000
16357.500000 1.000000
16365.000000 1.000000
16372.500000 1.000000
16380.000000 1.000000
16387.500000 1.000000
16395.000000 1.000000
16402.500000 1.000000
16410.000000 1.000000
16417.500000 1.000000
16425.000000 1.000000
16432.500000 1.000000
16440.000000 1.000000
16447.500000 1.000000
16455.000000 1.000000
16462.500000 1.000000
16470.000000 1.000000
16477.500000 1.000000
16485.000000 1.000000
16492.500000 1.000000
16500.000000 1.000000
16507.500000 1.000000
16515.000000 1.000000
16522.500000 1.000000
16530.000000 1.000000
16537.500000 1.000000
16545.000000 1.000000
16552.500000 1.000000
16560.000000 1.000000
16567.500000 1.000000
16575.000000 1.000000
16582.500000 1.000000
16590.000000 1.000000
16597.500000 1.000000
16605.000000 1.000000
16612.500000 1.000000
16620.000000 1.000000
16627.500000 1.000000
16635.000000 1.000000
16642.500000 1.000000
16650.000000 1.000000
16657.500000 1.000000
16665.000000 1.000000
16672.500000 1.000000
16680.000000 1.000000
16687.500000 1.000000
16695.000000 1.000000
16702.500000 1.000000
16710.000000 1.000000
16717.500000 1.000000
16725.000000 1.000000
16732.500000 1.000000
16740.000000 1.000000
16747.500000 1.000000
16755.000000 1.000000
16762.500000 1.000000
16770.000000 1.000000
16777.500000 1.000000
16785.000000 1.000000
16792.500000 1.000000
16800.000000 1.000000
16807.500000 1.000000
16815.000000 1.000000
16822.500000 1.000000
16830.000000 1.000000
16837.500000 1.000000
16845.000000 1.000000
16852.500000 1.000000
16860.000000 1.000000
16867.500000 1.000000
16875.000000 1.000000
16882.500000 1.000000
16890.000000 1.000000
16897.500000 1.000000
16905.000000 1.000000
16912.500000 1.000000
16920.000000 1.000000
16927.500000 1.000000
16935.000000 1.000000
16942.500000 1.000000
16950.000000 1.000000
16957.500000 1.000000
16965.000000 1.000000
16972.500000 1.000000
16980.000000 1.000000
16987.500000 1.000000
16995.000000 1.000000
17002.500000 1.000000
17010.000000 1.000000
17017.500000 1.000000
17025.000000 1.000000
17032.500000 1.000000
17040.000000 1.000000
17047.500000 1.000000
17055.000000 1.000000
17062.500000 1.000000
17070.000000 1.000000
17077.500000 1.000000
17085.000000 1.000000
17092.500000 1.000000
17100.000000 1.000000
17107.500000 1.000000
17115.000000 1.000000
17122.500000 1.000000
17130.000000 1.000000
17137.500000 1.000000
17145.000000 1.000000
17152.500000 1.000000
17160.000000 1.000000
17167.500000 1.000000
17175.000000 1.000000
17182.500000 1.000000
17190.000000 1.000000
17197.500000 1.000000
17205.000000 1.000000
17212.500000 1.000000
17220.000000 1.000000
17227.500000 1.000000
17235.000000 1.000000
17242.500000 1.000000
17250.000000 1.000000
17257.500000 1.000000
17265.000000 1.000000
17272.500000 1.000000
17280.000000 1.000000
17287.500000 1.000000
17295.000000 1.000000
17302.500000 1.000000
17310.000000 1.000000
17317.500000 1.000000
17325.000000 1.000000
17332.500000 1.000000
17340.000000 1.000000
17347.500000 1.000000
17355.000000 1.000000
17362.500000 1.000000
17370.000000 1.000000
17377.500000 1.000000
17385.000000 1.000000
17392.500000 1.000000
17400.000000 1.000000
17407.500000 1.000000
17415.000000 1.000000
17422.500000 1.000000
17430.000000 1.000000
17437.500000 1.000000
17445.000000 1.000000
17452.500000 1.000000
17460.000000 1.000000
17467.500000 1.000000
17475.000000 1.000000
17482.500000 1.000000
17490.000000 1.000000
17497.500000 1.000000
17505.000000 1.000000
17512.500000 1.000000
17520.000000 1.000000
17527.500000 1.000000
17535.000000 1.000000
17542.500000 1.000000
17550.000000 1.000000
17557.500000 1.000000
17565.000000 1.000000
17572.500000 1.000000
17580.000000 1.000000
17587.500000 1.000000
17595.000000 1.000000
17602.500000 1.000000
17610.000000 1.000000
17617.500000 1.000000
17625.000000 1.000000
17632.500000 1.000000
17640.000000 1.000000
17647.500000 1.000000
17655.000000 1.000000
17662.500000 1.000000
17670.000000 1.000000
17677.500000 1.000000
17685.000000 1.000000
17692.500000 1.000000
17700.000000 1.000000
17707.500000 1.000000
17715.000000 1.000000
17722.500000 1.000000
17730.000000 1.000000
17737.500000 1.000000
17745.000000 1.000000
17752.500000 1.000000
17760.000000 1.000000
17767.500000 1.000000
17775.000000 1.000000
17782.500000 1.000000
17790.000000 1.000000
17797.500000 1.000000
17805.000000 1.000000
17812.500000 1.000000
17820.000000 1.000000
17827.500000 1.000000
17835.000000 1.000000
17842.500000 1.000000
17850.000000 1.000000
17857.500000 1.000000
17865.000000 1.000000
17872.500000 1.000000
17880.000000 1.000000
17887.500000 1.000000
17895.000000 1.000000
17902.500000 1.000000
17910.000000 1.000000
17917.500000 1.000000
17925.000000 1.000000
17932.500000 1.000000
17940.000000 1.000000
17947.500000 1.000000
17955.000000 1.000000
17962.500000 1.000000
17970.000000 1.000000
17977.500000 1.000000
17985.000000 1.000000
17992.500000 1.000000
18000.000000 1.000000
18007.500000 1.000000
18015.000000 1.000000
18022.500000 1.000000
18030.000000 1.000000
18037.500000 1.000000
18045.000000 1.000000
18052.500000 1.000000
18060.000000 1.000000
18067.500000 1.000000
18075.000000 1.000000
18082.500000 1.000000
18090.000000 1.000000
18097.500000 1.000000
18105.000000 1.000000
18112.500000 1.000000
18120.000000 1.000000
18127.500000 1.000000
18135.000000 1.000000
18142.500000 1.000000
18150.000000 1.000000
18157.500000 1.000000
18165.000000 1.000000
18172.500000 1.000000
18180.000000 1.000000
18187.500000 1.000000
18195.000000 1.000000
18202.500000 1.000000
18210.000000 1.000000
18217.500000 1.000000
18225.000000 1.000000
18232.500000 1.000000
18240.000000 1.000000
18247.500000 1.000000
18255.000000 1.000000
18262.500000 1.000000
18270.000000 1.000000
18277.500000 1.000000
18285.000000 1.000000
18292.500000 1.000000
18300.000000 1.000000
18307.500000 1.000000
18315.000000 1.000000
18322.500000 1.000000
18330.000000 1.000000
18337.500000 1.000000
18345.000000 1.000000
18352.500000 1.000000
18360.000000 1.000000
18367.500000 1.000000
18375.000000 1.000000
18382.500000 1.000000
18390.000000 1.000000
18397.500000 1.000000
18405.000000 1.000000
18412.500000 1.000000
18420.000000 1.000000
18427.500000 1.000000
18435.000000 1.000000
18442.500000 1.000000
18450.000000 1.000000
18457.500000 1.000000
18465.000000 1.000000
18472.500000 1.000000
18480.000000 1.000000
18487.500000 1.000000
18495.000000 1.000000
18502.500000 1.000000
18510.000000 1.000000
18517.500000 1.000000
18525.000000 1.000000
18532.500000 1.000000
18540.000000 1.000000
18547.500000 1.000000
18555.000000 1.000000
18562.500000 1.000000
18570.000000 1.000000
18577.500000 1.000000
18585.000000 1.000000
18592.500000 1.000000
18600.000000 1.000000
18607.500000 1.000000
18615.000000 1.000000
18622.500000 1.000000
18630.000000 1.000000
18637.500000 1.000000
18645.000000 1.000000
18652.500000 1.000000
18660.000000 1.000000
18667.500000 1.000000
18675.000000 1.000000
18682.500000 1.000000
18690.000000 1.000000
18697.500000 1.000000
18705.000000 1.000000
18712.500000 1.000000
18720.000000 1.000000
18727.500000 1.000000
18735.000000 1.000000
18742.500000 1.000000
18750.000000 1.000000
18757.500000 1.000000
18765.000000 1.000000
18772.500000 1.000000
18780.000000 1.000000
18787.500000 1.000000
18795.000000 1.000000
18802.500000 1.000000
18810.000000 1.000000
18817.500000 1.000000
18825.000000 1.000000
18832.500000 1.000000
18840.000000 1.000000
18847.500000 1.000000
18855.000000 1.000000
18862.500000 1.000000
18870.000000 1.000000
18877.500000 1.000000
18885.000000 1.000000
18892.500000 1.000000
18900.000000 1.000000
18907.500000 1.000000
18915.000000 1.000000
18922.500000 1.000000
18930.000000 1.000000
18937.500000 1.000000
18945.000000 1.000000
18952.500000 1.000000
18960.000000 1.000000
18967.500000 1.000000
18975.000000 1.000000
18982.500000 1.000000
18990.000000 1.000000
18997.500000 1.000000
19005.000000 1.000000
19012.500000 1.000000
19020.000000 1.000000
19027.500000 1.000000
19035.000000 1.000000
19042.500000 1.000000
19050.000000 1.000000
19057.500000 1.000000
19065.000000 1.000000
19072.500000 1.000000
19080.000000 1.000000
19087.500000 1.000000
19095.000000 1.000000
19102.500000 1.000000
19110.000000 1.000000
19117.500000 1.000000
19125.000000 1.000000
19132.500000 1.000000
19140.000000 1.000000
19147.500000 1.000000
19155.000000 1.000000
19162.500000 1.000000
19170.000000 1.000000
19177.500000 1.000000
19185.000000 1.000000
19192.500000 1.000000
19200.000000 1.000000
19207.500000 1.000000
19215.000000 1.000000
19222.500000 1.000000
19230.000000 1.000000
19237.500000 1.000000
19245.000000 1.000000
19252.500000 1.000000
19260.000000 1.000000
19267.500000 1.000000
19275.000000 1.000000
19282.500000 1.000000
19290.000000 1.000000
19297.500000 1.000000
19305.000000 1.000000
19312.500000 1.000000
19320.000000 1.000000
19327.500000 1.000000
19335.000000 1.000000
19342.500000 1.000000
19350.000000 1.000000
19357.500000 1.000000
19365.000000 1.000000
19372.500000 1.000000
19380.000000 1.000000
19387.500000 1.000000
19395.000000 1.000000
19402.500000 1.000000
19410.000000 1.000000
19417.500000 1.000000
19425.000000 1.000000
19432.500000 1.000000
19440.000000 1.000000
19447.500000 1.000000
19455.000000 1.000000
19462.500000 1.000000
19470.000000 1.000000
19477.500000 1.000000
19485.000000 1.000000
19492.500000 1.000000
19500.000000 1.000000
19507.500000 1.000000
19515.000000 1.000000
19522.500000 1.000000
19530.000000 1.000000
19537.500000 1.000000
19545.000000 1.000000
19552.500000 1.000000
19560.000000 1.000000
19567.500000 1.000000
19575.000000 1.000000
19582.500000 1.000000
19590.000000 1.000000
19597.500000 1.000000
19605.000000 1.000000
19612.500000 1.000000
19620.000000 1.000000
19627.500000 1.000000
19635.000000 1.000000
19642.500000 1.000000
19650.000000 1.000000
19657.500000 1.000000
19665.000000 1.000000
19672.500000 1.000000
19680.000000 1.000000
19687.500000 1.000000
19695.000000 1.000000
19702.500000 1.000000
19710.000000 1.000000
19717.500000 1.000000
19725.000000 1.000000
19732.500000 1.000000
19740.000000 1.000000
19747.500000 1.000000
19755.000000 1.000000
19762.500000 1.000000
19770.000000 1.000000
19777.500000 1.000000
19785.000000 1.000000
19792.500000 1.000000
19800.000000 1.000000
19807.500000 1.000000
19815.000000 1.000000
19822.500000 1.000000
19830.000000 1.000000
19837.500000 1.000000
19845.000000 1.000000
19852.500000 1.000000
19860.000000 1.000000
19867.500000 1.000000
19875.000000 1.000000
19882.500000 1.000000
19890.000000 1.000000
19897.500000 1.000000
19905.000000 1.000000
19912.500000 1.000000
19920.000000 1.000000
19927.500000 1.000000
19935.000000 1.000000
19942.500000 1.000000
19950.000000 1.000000
19957.500000 1.000000
19965.000000 1.000000
19972.500000 1.000000
19980.000000 1.000000
19987.500000 1.000000
19995.000000 1.000000
20002.500000 1.000000
20010.000000 1.000000
20017.500000 1.000000
20025.000000 1.000000
20032.500000 1.000000
20040.000000 1.000000
20047.500000 1.000000
20055.000000 1.000000
20062.500000 1.000000
20070.000000 1.000000
20077.500000 1.000000
20085.000000 1.000000
20092.500000 1.000000
20100.000000 1.000000
20107.500000 1.000000
20115.000000 1.000000
20122.500000 1.000000
20130.000000 1.000000
20137.500000 1.000000
20145.000000 1.000000
20152.500000 1.000000
20160.000000 1.000000
20167.500000 1.000000
20175.000000 1.000000
20182.500000 1.000000
20190.000000 1.000000
20197.500000 1.000000
20205.000000 1.000000
20212.500000 1.000000
20220.000000 1.000000
20227.500000 1.000000
20235.000000 1.000000
20242.500000 1.000000
20250.000000 1.000000
20257.500000 1.000000
20265.000000 1.000000
20272.500000 1.000000
20280.000000 1.000000
20287.500000 1.000000
20295.000000 1.000000
20302.500000 1.000000
20310.000000 1.000000
20317.500000 1.000000
20325.000000 1.000000
20332.500000 1.000000
20340.000000 1.000000
20347.500000 1.000000
20355.000000 1.000000
20362.500000 1.000000
20370.000000 1.000000
20377.500000 1.000000
20385.000000 1.000000
20392.500000 1.000000
20400.000000 1.000000
20407.500000 1.000000
20415.000000 1.000000
20422.500000 1.000000
20430.000000 1.000000
20437.500000 1.000000
20445.000000 1.000000
20452.500000 1.000000
20460.000000 1.000000
20467.500000 1.000000
20475.000000 1.000000
20482.500000 1.000000
20490.000000 1.000000
20497.500000 1.000000
20505.000000 1.000000
20512.500000 1.000000
20520.000000 1.000000
20527.500000 1.000000
20535.000000 1.000000
20542.500000 1.000000
20550.000000 1.000000
20557.500000 1.000000
20565.000000 1.000000
20572.500000 1.000000
20580.000000 1.000000
20587.500000 1.000000
20595.000000 1.000000
20602.500000 1.000000
20610.000000 1.000000
20617.500000 1.000000
20625.000000 1.000000
20632.500000 1.000000
20640.000000 1.000000
20647.500000 1.000000
20655.000000 1.000000
20662.500000 1.000000
20670.000000 1.000000
20677.500000 1.000000
20685.000000 1.000000
20692.500000 1.000000
20700.000000 1.000000
20707.500000 1.000000
20715.000000 1.000000
20722.500000 1.000000
20730.000000 1.000000
20737.500000 1.000000
20745.000000 1.000000
20752.500000 1.000000
20760.000000 1.000000
20767.500000 1.000000
20775.000000 1.000000
20782.500000 1.000000
20790.000000 1.000000
20797.500000 1.000000
20805.000000 1.000000
20812.500000 1.000000
20820.000000 1.000000
20827.500000 1.000000
20835.000000 1.000000
20842.500000 1.000000
20850.000000 1.000000
20857.500000 1.000000
20865.000000 1.000000
20872.500000 1.000000
20880.000000 1.000000
20887.500000 1.000000
20895.000000 1.000000
20902.500000 1.000000
20910.000000 1.000000
20917.500000 1.000000
20925.000000 1.000000
20932.500000 1.000000
20940.000000 1.000000
20947.500000 1.000000
20955.000000 1.000000
20962.500000 1.000000
20970.000000 1.000000
20977.500000 1.000000
20985.000000 1.000000
20992.500000 1.000000
21000.000000 1.000000
21007.500000 1.000000
21015.000000 1.000000
21022.500000 1.000000
21030.000000 1.000000
21037.500000 1.000000
21045.000000 1.000000
21052.500000 1.000000
21060.000000 1.000000
21067.500000 1.000000
21075.000000 1.000000
21082.500000 1.000000
21090.000000 1.000000
21097.500000 1.000000
21105.000000 1.000000
21112.500000 1.000000
21120.000000 1.000000
21127.500000 1.000000
21135.000000 1.000000
21142.500000 1.000000
21150.000000 1.000000
21157.500000 1.000000
21165.000000 1.000000
21172.500000 1.000000
21180.000000 1.000000
21187.500000 1.000000
21195.000000 1.000000
21202.500000 1.000000
21210.000000 1.000000
21217.500000 1.000000
21225.000000 1.000000
21232.500000 1.000000
21240.000000 1.000000
21247.500000 1.000000
21255.000000 1.000000
21262.500000 1.000000
21270.000000 1.000000
21277.500000 1.000000
21285.000000 1.000000
21292.500000 1.000000
21300.000000 1.000000
21307.500000 1.000000
21315.000000 1.000000
21322.500000 1.000000
21330.000000 1.000000
21337.500000 1.000000
21345.000000 1.000000
21352.500000 1.000000
21360.000000 1.000000
21367.500000 1.000000
21375.000000 1.000000
21382.500000 1.000000
21390.000000 1.000000
21397.500000 1.000000
21405.000000 1.000000
21412.500000 1.000000
21420.000000 1.000000
21427.500000 1.000000
21435.000000 1.000000
21442.500000 1.000000
21450.000000 1.000000
21457.500000 1.000000
21465.000000 1.000000
21472.500000 1.000000
21480.000000 1.000000
21487.500000 1.000000
21495.000000 1.000000
21502.500000 1.000000
21510.000000 1.000000
21517.500000 1.000000
21525.000000 1.000000
21532.500000 1.000000
21540.000000 1.000000
21547.500000 1.000000
21555.000000 1.000000
21562.500000 1.000000
21570.000000 1.000000
21577.500000 1.000000
21585.000000 1.000000
21592.500000 1.000000
21600.000000 1.000000
21607.500000 1.000000
21615.000000 1.000000
21622.500000 1.000000
21630.000000 1.000000
21637.500000 1.000000
21645.000000 1.000000
21652.500000 1.000000
21660.000000 1.000000
21667.500000 1.000000
21675.000000 1.000000
21682.500000 1.000000
21690.000000 1.000000
21697.500000 1.000000
21705.000000 1.000000
21712.500000 1.000000
21720.000000 1.000000
21727.500000 1.000000
21735.000000 1.000000
21742.500000 1.000000
21750.000000 1.000000
21757.500000 1.000000
21765.000000 1.000000
21772.500000 1.000000
21780.000000 1.000000
21787.500000 1.000000
21795.000000 1.000000
21802.500000 1.000000
21810.000000 1.000000
21817.500000 1.000000
21825.000000 1.000000
21832.500000 1.000000
21840.000000 1.000000
21847.500000 1.000000
21855.000000 1.000000
21862.500000 1.000000
21870.000000 1.000000
21877.500000 1.000000
21885.000000 1.000000
21892.500000 1.000000
21900.000000 1.000000
21907.500000 1.000000
21915.000000 1.000000
21922.500000 1.000000
21930.000000 1.000000
21937.500000 1.000000
21945.000000 1.000000
21952.500000 1.000000
21960.000000 1.000000
21967.500000 1.000000
21975.000000 1.000000
21982.500000 1.000000
21990.000000 1.000000
21997.500000 1.000000
22005.000000 1.000000
22012.500000 1.000000
22020.000000 1.000000
22027.500000 1.000000
22035.000000 1.000000
22042.500000 1.000000
22050.000000 1.000000
22057.500000 1.000000
22065.000000 1.000000
22072.500000 1.000000
22080.000000 1.000000
22087.500000 1.000000
22095.000000 1.000000
22102.500000 1.000000
22110.000000 1.000000
22117.500000 1.000000
22125.000000 1.000000
22132.500000 1.000000
22140.000000 1.000000
22147.500000 1.000000
22155.000000 1.000000
22162.500000 1.000000
22170.000000 1.000000
22177.500000 1.000000
22185.000000 1.000000
22192.500000 1.000000
22200.000000 1.000000
22207.500000 1.000000
22215.000000 1.000000
22222.500000 1.000000
22230.000000 1.000000
22237.500000 1.000000
22245.000000 1.000000
22252.500000 1.000000
22260.000000 1.000000
22267.500000 1.000000
22275.000000 1.000000
22282.500000 1.000000
22290.000000 1.000000
22297.500000 1.000000
22305.000000 1.000000
22312.500000 1.000000
22320.000000 1.000000
22327.500000 1.000000
22335.000000 1.000000
22342.500000 1.000000
22350.000000 1.000000
22357.500000 1.000000
22365.000000 1.000000
22372.500000 1.000000
22380.000000 1.000000
22387.500000 1.000000
22395.000000 1.000000
22402.500000 1.000000
22410.000000 1.000000
22417.500000 1.000000
22425.000000 1.000000
22432.500000 1.000000
22440.000000 1.000000
22447.500000 1.000000
