Dataset for the demonstration of overlap correction process.
Height (m); Overlap factor; Signal
-45.000000 -0.000000 0.857143
-37.500000 -0.000000 -0.142857
-30.000000 0.000000 1.857143
-22.500000 -0.000000 0.857143
-15.000000 0.000004 -0.142857
-7.500000 0.000004 2668.857143
0.000000 0.000051 39395.857143
7.500000 0.000237 26027.857143
15.000000 0.000632 26027.857143
22.500000 0.001572 25981.857143
30.000000 0.003984 30872.857143
37.500000 0.008859 40139.857143
45.000000 0.016030 47137.857143
52.500000 0.024625 50034.857143
60.000000 0.033635 51199.857143
67.500000 0.043048 51483.857143
75.000000 0.052825 51496.857143
82.500000 0.062940 51093.857143
90.000000 0.074038 50974.857143
97.500000 0.085442 50974.857143
105.000000 0.097333 50397.857143
112.500000 0.108591 49947.857143
120.000000 0.120098 49602.857143
127.500000 0.131785 48941.857143
135.000000 0.143749 48516.857143
142.500000 0.155687 48053.857143
150.000000 0.167518 47322.857143
157.500000 0.179416 46721.857143
165.000000 0.191553 46090.857143
172.500000 0.205837 45439.857143
180.000000 0.220080 45439.857143
187.500000 0.234574 44962.857143
195.000000 0.247339 44279.857143
202.500000 0.260711 43743.857143
210.000000 0.273936 43097.857143
217.500000 0.291345 42955.857143
225.000000 0.306793 42512.857143
232.500000 0.313636 41948.857143
240.000000 0.316485 41377.857143
247.500000 0.319202 40687.857143
255.000000 0.332956 40548.857143
262.500000 0.345620 40548.857143
270.000000 0.360013 39721.857143
277.500000 0.371881 39341.857143
285.000000 0.384606 38425.857143
292.500000 0.400092 37771.857143
300.000000 0.411893 36953.857143
307.500000 0.422881 36065.857143
315.000000 0.430647 35389.857143
322.500000 0.441164 34910.857143
330.000000 0.452272 34089.857143
337.500000 0.466802 33031.857143
345.000000 0.482009 33031.857143
352.500000 0.494840 32256.857143
360.000000 0.512452 31535.857143
367.500000 0.519334 30912.857143
375.000000 0.526747 30767.857143
382.500000 0.532554 29607.857143
390.000000 0.549821 29116.857143
397.500000 0.560993 28536.857143
405.000000 0.561797 27776.857143
412.500000 0.563569 27038.857143
420.000000 0.576303 26390.857143
427.500000 0.588626 26390.857143
435.000000 0.618137 25792.857143
442.500000 0.637352 25225.857143
450.000000 0.638712 24719.857143
457.500000 0.617012 23855.857143
465.000000 0.600669 23467.857143
472.500000 0.604664 22710.857143
480.000000 0.610924 22060.857143
487.500000 0.615865 21446.857143
495.000000 0.621846 20955.857143
502.500000 0.632355 20318.857143
510.000000 0.643154 20318.857143
517.500000 0.651836 19827.857143
525.000000 0.655159 19441.857143
532.500000 0.659715 19095.857143
540.000000 0.664431 18455.857143
547.500000 0.669538 17917.857143
555.000000 0.673846 17486.857143
562.500000 0.678333 17195.857143
570.000000 0.682727 16541.857143
577.500000 0.686880 16279.857143
585.000000 0.696006 15717.857143
592.500000 0.705059 15717.857143
600.000000 0.713721 15151.857143
607.500000 0.717936 14672.857143
615.000000 0.722069 14561.857143
622.500000 0.726681 14090.857143
630.000000 0.730705 13792.857143
637.500000 0.733647 12992.857143
645.000000 0.736773 12554.857143
652.500000 0.739384 12278.857143
660.000000 0.744042 12202.857143
667.500000 0.753024 11758.857143
675.000000 0.760986 11758.857143
682.500000 0.766330 11463.857143
690.000000 0.767142 11383.857143
697.500000 0.770271 10892.857143
705.000000 0.773963 10366.857143
712.500000 0.778256 10224.857143
720.000000 0.779877 10016.857143
727.500000 0.782562 9712.857143
735.000000 0.782768 9700.857143
742.500000 0.785883 9236.857143
750.000000 0.793299 8800.857143
757.500000 0.801325 8800.857143
765.000000 0.808162 8728.857143
772.500000 0.809567 8368.857143
780.000000 0.811444 8184.857143
787.500000 0.813499 8098.857143
795.000000 0.815264 7712.857143
802.500000 0.816485 7614.857143
810.000000 0.818443 7503.857143
817.500000 0.819601 7153.857143
825.000000 0.822747 6799.857143
832.500000 0.829270 6722.857143
840.000000 0.835219 6722.857143
847.500000 0.841337 6636.857143
855.000000 0.841447 6410.857143
862.500000 0.844308 6269.857143
870.000000 0.845925 6157.857143
877.500000 0.848968 6031.857143
885.000000 0.849300 5715.857143
892.500000 0.850598 5481.857143
900.000000 0.851257 5392.857143
907.500000 0.855562 5243.857143
915.000000 0.862962 5124.857143
922.500000 0.868775 5124.857143
930.000000 0.872672 5023.857143
937.500000 0.871688 4818.857143
945.000000 0.873118 4736.857143
952.500000 0.874669 4562.857143
960.000000 0.876689 4503.857143
967.500000 0.877546 4358.857143
975.000000 0.878280 4222.857143
982.500000 0.879481 4235.857143
990.000000 0.881096 4099.857143
997.500000 0.887239 3913.857143
1005.000000 0.892655 3913.857143
1012.500000 0.897371 3924.857143
1020.000000 0.897026 3851.857143
1027.500000 0.896965 3724.857143
1035.000000 0.896555 3526.857143
1042.500000 0.897400 3561.857143
1050.000000 0.897214 3366.857143
1057.500000 0.898534 3468.857143
1065.000000 0.897631 3246.857143
1072.500000 0.898752 3108.857143
1080.000000 0.903808 3051.857143
1087.500000 0.910237 3051.857143
1095.000000 0.914810 3051.857143
1102.500000 0.914772 2989.857143
1110.000000 0.915788 2900.857143
1117.500000 0.915459 2795.857143
1125.000000 0.918461 2771.857143
1132.500000 0.921190 2669.857143
1140.000000 0.926738 2520.857143
1147.500000 0.929323 2478.857143
1155.000000 0.931054 2486.857143
1162.500000 0.935886 2377.857143
1170.000000 0.939056 2377.857143
1177.500000 0.941060 2284.857143
1185.000000 0.937717 2236.857143
1192.500000 0.935438 2131.857143
1200.000000 0.934167 2221.857143
1207.500000 0.933932 2111.857143
1215.000000 0.933060 2006.857143
1222.500000 0.931678 1888.857143
1230.000000 0.930175 1896.857143
1237.500000 0.930229 1850.857143
1245.000000 0.935014 1885.857143
1252.500000 0.940372 1885.857143
1260.000000 0.944671 1741.857143
1267.500000 0.944807 1667.857143
1275.000000 0.943457 1712.857143
1282.500000 0.943737 1599.857143
1290.000000 0.943326 1599.857143
1297.500000 0.944635 1520.857143
1305.000000 0.944448 1516.857143
1312.500000 0.946242 1472.857143
1320.000000 0.949288 1433.857143
1327.500000 0.956623 1426.857143
1335.000000 0.961818 1426.857143
1342.500000 0.964001 1453.857143
1350.000000 0.959855 1331.857143
1357.500000 0.958560 1331.857143
1365.000000 0.958168 1256.857143
1372.500000 0.956920 1279.857143
1380.000000 0.952828 1230.857143
1387.500000 0.952066 1202.857143
1395.000000 0.950367 1208.857143
1402.500000 0.951361 1058.857143
1410.000000 0.952855 1076.857143
1417.500000 0.958252 1076.857143
1425.000000 0.961898 1050.857143
1432.500000 0.962050 1075.857143
1440.000000 0.962290 1080.857143
1447.500000 0.962634 998.857143
1455.000000 0.960501 1004.857143
1462.500000 0.959649 960.857143
1470.000000 0.960576 922.857143
1477.500000 0.961916 941.857143
1485.000000 0.963393 913.857143
1492.500000 0.966526 882.857143
1500.000000 0.971336 882.857143
1507.500000 0.974946 815.857143
1515.000000 0.974865 862.857143
1522.500000 0.976693 791.857143
1530.000000 0.976610 777.857143
1537.500000 0.977607 793.857143
1545.000000 0.974423 782.857143
1552.500000 0.973539 731.857143
1560.000000 0.970618 716.857143
1567.500000 0.971519 724.857143
1575.000000 0.975471 714.857143
1582.500000 0.980881 714.857143
1590.000000 0.981708 681.857143
1597.500000 0.979353 644.857143
1605.000000 0.975126 636.857143
1612.500000 0.978487 620.857143
1620.000000 0.979205 621.857143
1627.500000 0.978710 595.857143
1635.000000 0.974073 590.857143
1642.500000 0.969714 587.857143
1650.000000 0.973033 613.857143
1657.500000 0.979423 510.857143
1665.000000 0.984495 510.857143
1672.500000 0.986589 572.857143
1680.000000 0.981917 541.857143
1687.500000 0.981758 508.857143
1695.000000 0.979884 515.857143
1702.500000 0.979859 475.857143
1710.000000 0.977822 519.857143
1717.500000 0.977244 464.857143
1725.000000 0.978106 481.857143
1732.500000 0.979653 462.857143
1740.000000 0.982587 469.857143
1747.500000 0.984145 469.857143
1755.000000 0.984275 473.857143
1762.500000 0.984021 440.857143
1770.000000 0.983974 392.857143
1777.500000 0.985254 402.857143
1785.000000 0.984565 423.857143
1792.500000 0.983521 389.857143
1800.000000 0.982500 388.857143
1807.500000 0.982019 408.857143
1815.000000 0.981255 353.857143
1822.500000 0.983870 351.857143
1830.000000 0.984596 351.857143
1837.500000 0.990458 389.857143
1845.000000 0.992133 381.857143
1852.500000 0.991590 335.857143
1860.000000 0.987356 319.857143
1867.500000 0.986857 303.857143
1875.000000 0.986436 326.857143
1882.500000 0.985273 323.857143
1890.000000 0.979111 300.857143
1897.500000 0.977068 341.857143
1905.000000 0.979235 307.857143
1912.500000 0.984670 307.857143
1920.000000 0.987061 291.857143
1927.500000 0.987308 270.857143
1935.000000 0.986075 296.857143
1942.500000 0.986340 281.857143
1950.000000 0.985618 260.857143
1957.500000 0.983401 260.857143
1965.000000 0.983009 259.857143
1972.500000 0.980076 271.857143
1980.000000 0.980722 261.857143
1987.500000 0.982448 218.857143
1995.000000 0.988116 218.857143
2002.500000 1.000000 237.857143
2010.000000 1.000000 238.857143
2017.500000 1.000000 211.857143
2025.000000 1.000000 219.857143
2032.500000 1.000000 216.857143
2040.000000 1.000000 225.857143
2047.500000 1.000000 233.857143
2055.000000 1.000000 183.857143
2062.500000 1.000000 218.857143
2070.000000 1.000000 201.857143
2077.500000 1.000000 201.857143
2085.000000 1.000000 183.857143
2092.500000 1.000000 192.857143
2100.000000 1.000000 180.857143
2107.500000 1.000000 186.857143
2115.000000 1.000000 143.857143
2122.500000 1.000000 183.857143
2130.000000 1.000000 174.857143
2137.500000 1.000000 175.857143
2145.000000 1.000000 162.857143
2152.500000 1.000000 147.857143
2160.000000 1.000000 147.857143
2167.500000 1.000000 146.857143
2175.000000 1.000000 133.857143
2182.500000 1.000000 144.857143
2190.000000 1.000000 162.857143
2197.500000 1.000000 135.857143
2205.000000 1.000000 119.857143
2212.500000 1.000000 153.857143
2220.000000 1.000000 133.857143
2227.500000 1.000000 149.857143
2235.000000 1.000000 132.857143
2242.500000 1.000000 132.857143
2250.000000 1.000000 130.857143
2257.500000 1.000000 126.857143
2265.000000 1.000000 111.857143
2272.500000 1.000000 130.857143
2280.000000 1.000000 106.857143
2287.500000 1.000000 125.857143
2295.000000 1.000000 110.857143
2302.500000 1.000000 107.857143
2310.000000 1.000000 88.857143
2317.500000 1.000000 104.857143
2325.000000 1.000000 104.857143
2332.500000 1.000000 96.857143
2340.000000 1.000000 82.857143
2347.500000 1.000000 93.857143
2355.000000 1.000000 103.857143
2362.500000 1.000000 87.857143
2370.000000 1.000000 82.857143
2377.500000 1.000000 95.857143
2385.000000 1.000000 94.857143
2392.500000 1.000000 78.857143
2400.000000 1.000000 87.857143
2407.500000 1.000000 87.857143
2415.000000 1.000000 84.857143
2422.500000 1.000000 90.857143
2430.000000 1.000000 71.857143
2437.500000 1.000000 92.857143
2445.000000 1.000000 78.857143
2452.500000 1.000000 66.857143
2460.000000 1.000000 77.857143
2467.500000 1.000000 81.857143
2475.000000 1.000000 72.857143
2482.500000 1.000000 66.857143
2490.000000 1.000000 66.857143
2497.500000 1.000000 63.857143
2505.000000 1.000000 55.857143
2512.500000 1.000000 90.857143
2520.000000 1.000000 85.857143
2527.500000 1.000000 69.857143
2535.000000 1.000000 69.857143
2542.500000 1.000000 69.857143
2550.000000 1.000000 65.857143
2557.500000 1.000000 61.857143
2565.000000 1.000000 54.857143
2572.500000 1.000000 54.857143
2580.000000 1.000000 41.857143
2587.500000 1.000000 54.857143
2595.000000 1.000000 56.857143
2602.500000 1.000000 66.857143
2610.000000 1.000000 52.857143
2617.500000 1.000000 38.857143
2625.000000 1.000000 64.857143
2632.500000 1.000000 43.857143
2640.000000 1.000000 45.857143
2647.500000 1.000000 48.857143
2655.000000 1.000000 48.857143
2662.500000 1.000000 52.857143
2670.000000 1.000000 46.857143
2677.500000 1.000000 42.857143
2685.000000 1.000000 46.857143
2692.500000 1.000000 41.857143
2700.000000 1.000000 40.857143
2707.500000 1.000000 51.857143
2715.000000 1.000000 43.857143
2722.500000 1.000000 50.857143
2730.000000 1.000000 50.857143
2737.500000 1.000000 50.857143
2745.000000 1.000000 38.857143
2752.500000 1.000000 40.857143
2760.000000 1.000000 37.857143
2767.500000 1.000000 53.857143
2775.000000 1.000000 44.857143
2782.500000 1.000000 43.857143
2790.000000 1.000000 37.857143
2797.500000 1.000000 43.857143
2805.000000 1.000000 25.857143
2812.500000 1.000000 33.857143
2820.000000 1.000000 33.857143
2827.500000 1.000000 32.857143
2835.000000 1.000000 33.857143
2842.500000 1.000000 47.857143
2850.000000 1.000000 49.857143
2857.500000 1.000000 32.857143
2865.000000 1.000000 27.857143
2872.500000 1.000000 40.857143
2880.000000 1.000000 41.857143
2887.500000 1.000000 28.857143
2895.000000 1.000000 36.857143
2902.500000 1.000000 36.857143
2910.000000 1.000000 37.857143
2917.500000 1.000000 35.857143
2925.000000 1.000000 32.857143
2932.500000 1.000000 28.857143
2940.000000 1.000000 33.857143
2947.500000 1.000000 30.857143
2955.000000 1.000000 31.857143
2962.500000 1.000000 32.857143
2970.000000 1.000000 27.857143
2977.500000 1.000000 25.857143
2985.000000 1.000000 25.857143
2992.500000 1.000000 16.857143
3000.000000 1.000000 26.857143
3007.500000 1.000000 21.857143
3015.000000 1.000000 28.857143
3022.500000 1.000000 23.857143
3030.000000 1.000000 25.857143
3037.500000 1.000000 20.857143
3045.000000 1.000000 18.857143
3052.500000 1.000000 25.857143
3060.000000 1.000000 27.857143
3067.500000 1.000000 27.857143
3075.000000 1.000000 26.857143
3082.500000 1.000000 21.857143
3090.000000 1.000000 17.857143
3097.500000 1.000000 19.857143
3105.000000 1.000000 23.857143
3112.500000 1.000000 19.857143
3120.000000 1.000000 24.857143
3127.500000 1.000000 15.857143
3135.000000 1.000000 25.857143
3142.500000 1.000000 11.857143
3150.000000 1.000000 11.857143
3157.500000 1.000000 15.857143
3165.000000 1.000000 21.857143
3172.500000 1.000000 13.857143
3180.000000 1.000000 24.857143
3187.500000 1.000000 22.857143
3195.000000 1.000000 21.857143
3202.500000 1.000000 25.857143
3210.000000 1.000000 17.857143
3217.500000 1.000000 22.857143
3225.000000 1.000000 15.857143
3232.500000 1.000000 15.857143
3240.000000 1.000000 18.857143
3247.500000 1.000000 10.857143
3255.000000 1.000000 24.857143
3262.500000 1.000000 21.857143
3270.000000 1.000000 6.857143
3277.500000 1.000000 10.857143
3285.000000 1.000000 20.857143
3292.500000 1.000000 14.857143
3300.000000 1.000000 15.857143
3307.500000 1.000000 8.857143
3315.000000 1.000000 8.857143
3322.500000 1.000000 16.857143
3330.000000 1.000000 14.857143
3337.500000 1.000000 17.857143
3345.000000 1.000000 12.857143
3352.500000 1.000000 8.857143
3360.000000 1.000000 9.857143
3367.500000 1.000000 4.857143
3375.000000 1.000000 14.857143
3382.500000 1.000000 14.857143
3390.000000 1.000000 9.857143
3397.500000 1.000000 9.857143
3405.000000 1.000000 9.857143
3412.500000 1.000000 18.857143
3420.000000 1.000000 13.857143
3427.500000 1.000000 14.857143
3435.000000 1.000000 14.857143
3442.500000 1.000000 13.857143
3450.000000 1.000000 15.857143
3457.500000 1.000000 7.857143
3465.000000 1.000000 7.857143
3472.500000 1.000000 8.857143
3480.000000 1.000000 8.857143
3487.500000 1.000000 12.857143
3495.000000 1.000000 12.857143
3502.500000 1.000000 11.857143
3510.000000 1.000000 7.857143
3517.500000 1.000000 6.857143
3525.000000 1.000000 3.857143
3532.500000 1.000000 10.857143
3540.000000 1.000000 7.857143
3547.500000 1.000000 5.857143
3555.000000 1.000000 11.857143
3562.500000 1.000000 11.857143
3570.000000 1.000000 5.857143
3577.500000 1.000000 10.857143
3585.000000 1.000000 7.857143
3592.500000 1.000000 8.857143
3600.000000 1.000000 10.857143
3607.500000 1.000000 6.857143
3615.000000 1.000000 5.857143
3622.500000 1.000000 5.857143
3630.000000 1.000000 7.857143
3637.500000 1.000000 3.857143
3645.000000 1.000000 3.857143
3652.500000 1.000000 9.857143
3660.000000 1.000000 4.857143
3667.500000 1.000000 7.857143
3675.000000 1.000000 7.857143
3682.500000 1.000000 11.857143
3690.000000 1.000000 2.857143
3697.500000 1.000000 2.857143
3705.000000 1.000000 3.857143
3712.500000 1.000000 4.857143
3720.000000 1.000000 1.857143
3727.500000 1.000000 1.857143
3735.000000 1.000000 5.857143
3742.500000 1.000000 7.857143
3750.000000 1.000000 6.857143
3757.500000 1.000000 6.857143
3765.000000 1.000000 4.857143
3772.500000 1.000000 2.857143
3780.000000 1.000000 2.857143
3787.500000 1.000000 1.857143
3795.000000 1.000000 7.857143
3802.500000 1.000000 9.857143
3810.000000 1.000000 9.857143
3817.500000 1.000000 4.857143
3825.000000 1.000000 6.857143
3832.500000 1.000000 4.857143
3840.000000 1.000000 4.857143
3847.500000 1.000000 5.857143
3855.000000 1.000000 4.857143
3862.500000 1.000000 5.857143
3870.000000 1.000000 7.857143
3877.500000 1.000000 6.857143
3885.000000 1.000000 2.857143
3892.500000 1.000000 2.857143
3900.000000 1.000000 2.857143
3907.500000 1.000000 3.857143
3915.000000 1.000000 3.857143
3922.500000 1.000000 5.857143
3930.000000 1.000000 2.857143
3937.500000 1.000000 4.857143
3945.000000 1.000000 2.857143
3952.500000 1.000000 -0.142857
3960.000000 1.000000 2.857143
3967.500000 1.000000 4.857143
3975.000000 1.000000 4.857143
3982.500000 1.000000 3.857143
3990.000000 1.000000 0.857143
3997.500000 1.000000 -0.142857
4005.000000 1.000000 0.857143
4012.500000 1.000000 -0.142857
4020.000000 1.000000 1.857143
4027.500000 1.000000 0.857143
4035.000000 1.000000 0.857143
4042.500000 1.000000 3.857143
4050.000000 1.000000 1.857143
4057.500000 1.000000 1.857143
4065.000000 1.000000 0.857143
4072.500000 1.000000 3.857143
4080.000000 1.000000 0.857143
4087.500000 1.000000 1.857143
4095.000000 1.000000 -0.142857
4102.500000 1.000000 1.857143
4110.000000 1.000000 2.857143
4117.500000 1.000000 1.857143
4125.000000 1.000000 0.857143
4132.500000 1.000000 3.857143
4140.000000 1.000000 3.857143
4147.500000 1.000000 1.857143
4155.000000 1.000000 3.857143
4162.500000 1.000000 4.857143
4170.000000 1.000000 3.857143
4177.500000 1.000000 1.857143
4185.000000 1.000000 0.857143
4192.500000 1.000000 3.857143
4200.000000 1.000000 2.857143
4207.500000 1.000000 0.857143
4215.000000 1.000000 0.857143
4222.500000 1.000000 0.857143
4230.000000 1.000000 -0.142857
4237.500000 1.000000 2.857143
4245.000000 1.000000 3.857143
4252.500000 1.000000 0.857143
4260.000000 1.000000 0.857143
4267.500000 1.000000 0.857143
4275.000000 1.000000 1.857143
4282.500000 1.000000 2.857143
4290.000000 1.000000 2.857143
4297.500000 1.000000 -0.142857
4305.000000 1.000000 -0.142857
4312.500000 1.000000 3.857143
4320.000000 1.000000 0.857143
4327.500000 1.000000 2.857143
4335.000000 1.000000 -0.142857
4342.500000 1.000000 -0.142857
4350.000000 1.000000 -0.142857
4357.500000 1.000000 1.857143
4365.000000 1.000000 5.857143
4372.500000 1.000000 0.857143
4380.000000 1.000000 1.857143
4387.500000 1.000000 1.857143
4395.000000 1.000000 1.857143
4402.500000 1.000000 1.857143
4410.000000 1.000000 0.857143
4417.500000 1.000000 0.857143
4425.000000 1.000000 0.857143
4432.500000 1.000000 0.857143
4440.000000 1.000000 0.857143
4447.500000 1.000000 0.857143
4455.000000 1.000000 3.857143
4462.500000 1.000000 0.857143
4470.000000 1.000000 0.857143
4477.500000 1.000000 1.857143
4485.000000 1.000000 3.857143
4492.500000 1.000000 0.857143
4500.000000 1.000000 0.857143
4507.500000 1.000000 1.857143
4515.000000 1.000000 -0.142857
4522.500000 1.000000 2.857143
4530.000000 1.000000 1.857143
4537.500000 1.000000 0.857143
4545.000000 1.000000 3.857143
4552.500000 1.000000 3.857143
4560.000000 1.000000 -0.142857
4567.500000 1.000000 0.857143
4575.000000 1.000000 -0.142857
4582.500000 1.000000 1.857143
4590.000000 1.000000 1.857143
4597.500000 1.000000 0.857143
4605.000000 1.000000 1.857143
4612.500000 1.000000 0.857143
4620.000000 1.000000 1.857143
4627.500000 1.000000 0.857143
4635.000000 1.000000 0.857143
4642.500000 1.000000 -0.142857
4650.000000 1.000000 -0.142857
4657.500000 1.000000 -0.142857
4665.000000 1.000000 -0.142857
4672.500000 1.000000 1.857143
4680.000000 1.000000 -0.142857
4687.500000 1.000000 0.857143
4695.000000 1.000000 0.857143
4702.500000 1.000000 0.857143
4710.000000 1.000000 0.857143
4717.500000 1.000000 0.857143
4725.000000 1.000000 2.857143
4732.500000 1.000000 1.857143
4740.000000 1.000000 1.857143
4747.500000 1.000000 1.857143
4755.000000 1.000000 1.857143
4762.500000 1.000000 0.857143
4770.000000 1.000000 1.857143
4777.500000 1.000000 2.857143
4785.000000 1.000000 3.857143
4792.500000 1.000000 -0.142857
4800.000000 1.000000 -0.142857
4807.500000 1.000000 1.857143
4815.000000 1.000000 0.857143
4822.500000 1.000000 1.857143
4830.000000 1.000000 -0.142857
4837.500000 1.000000 0.857143
4845.000000 1.000000 2.857143
4852.500000 1.000000 1.857143
4860.000000 1.000000 1.857143
4867.500000 1.000000 0.857143
4875.000000 1.000000 0.857143
4882.500000 1.000000 0.857143
4890.000000 1.000000 2.857143
4897.500000 1.000000 0.857143
4905.000000 1.000000 2.857143
4912.500000 1.000000 -0.142857
4920.000000 1.000000 0.857143
4927.500000 1.000000 -0.142857
4935.000000 1.000000 0.857143
4942.500000 1.000000 -0.142857
4950.000000 1.000000 0.857143
4957.500000 1.000000 0.857143
4965.000000 1.000000 0.857143
4972.500000 1.000000 -0.142857
4980.000000 1.000000 -0.142857
4987.500000 1.000000 1.857143
4995.000000 1.000000 -0.142857
5002.500000 1.000000 -0.142857
5010.000000 1.000000 -0.142857
5017.500000 1.000000 1.857143
5025.000000 1.000000 0.857143
5032.500000 1.000000 -0.142857
5040.000000 1.000000 0.857143
5047.500000 1.000000 0.857143
5055.000000 1.000000 0.857143
5062.500000 1.000000 -0.142857
5070.000000 1.000000 0.857143
5077.500000 1.000000 -0.142857
5085.000000 1.000000 1.857143
5092.500000 1.000000 1.857143
5100.000000 1.000000 0.857143
5107.500000 1.000000 1.857143
5115.000000 1.000000 1.857143
5122.500000 1.000000 -0.142857
5130.000000 1.000000 -0.142857
5137.500000 1.000000 0.857143
5145.000000 1.000000 1.857143
5152.500000 1.000000 1.857143
5160.000000 1.000000 0.857143
5167.500000 1.000000 0.857143
5175.000000 1.000000 -0.142857
5182.500000 1.000000 0.857143
5190.000000 1.000000 1.857143
5197.500000 1.000000 1.857143
5205.000000 1.000000 -0.142857
5212.500000 1.000000 -0.142857
5220.000000 1.000000 0.857143
5227.500000 1.000000 -0.142857
5235.000000 1.000000 0.857143
5242.500000 1.000000 -0.142857
5250.000000 1.000000 -0.142857
5257.500000 1.000000 -0.142857
5265.000000 1.000000 -0.142857
5272.500000 1.000000 0.857143
5280.000000 1.000000 -0.142857
5287.500000 1.000000 0.857143
5295.000000 1.000000 0.857143
5302.500000 1.000000 -0.142857
5310.000000 1.000000 0.857143
5317.500000 1.000000 -0.142857
5325.000000 1.000000 -0.142857
5332.500000 1.000000 -0.142857
5340.000000 1.000000 1.857143
5347.500000 1.000000 -0.142857
5355.000000 1.000000 -0.142857
5362.500000 1.000000 0.857143
5370.000000 1.000000 -0.142857
5377.500000 1.000000 -0.142857
5385.000000 1.000000 0.857143
5392.500000 1.000000 0.857143
5400.000000 1.000000 0.857143
5407.500000 1.000000 -0.142857
5415.000000 1.000000 0.857143
5422.500000 1.000000 -0.142857
5430.000000 1.000000 0.857143
5437.500000 1.000000 -0.142857
5445.000000 1.000000 0.857143
5452.500000 1.000000 1.857143
5460.000000 1.000000 1.857143
5467.500000 1.000000 -0.142857
5475.000000 1.000000 1.857143
5482.500000 1.000000 0.857143
5490.000000 1.000000 0.857143
5497.500000 1.000000 -0.142857
5505.000000 1.000000 -0.142857
5512.500000 1.000000 0.857143
5520.000000 1.000000 -0.142857
5527.500000 1.000000 0.857143
5535.000000 1.000000 -0.142857
5542.500000 1.000000 -0.142857
5550.000000 1.000000 0.857143
5557.500000 1.000000 0.857143
5565.000000 1.000000 -0.142857
5572.500000 1.000000 0.857143
5580.000000 1.000000 1.857143
5587.500000 1.000000 1.857143
5595.000000 1.000000 -0.142857
5602.500000 1.000000 -0.142857
5610.000000 1.000000 0.857143
5617.500000 1.000000 0.857143
5625.000000 1.000000 0.857143
5632.500000 1.000000 1.857143
5640.000000 1.000000 -0.142857
5647.500000 1.000000 1.857143
5655.000000 1.000000 1.857143
5662.500000 1.000000 -0.142857
5670.000000 1.000000 0.857143
5677.500000 1.000000 -0.142857
5685.000000 1.000000 -0.142857
5692.500000 1.000000 1.857143
5700.000000 1.000000 1.857143
5707.500000 1.000000 1.857143
5715.000000 1.000000 1.857143
5722.500000 1.000000 0.857143
5730.000000 1.000000 0.857143
5737.500000 1.000000 -0.142857
5745.000000 1.000000 0.857143
5752.500000 1.000000 -0.142857
5760.000000 1.000000 2.857143
5767.500000 1.000000 0.857143
5775.000000 1.000000 -0.142857
5782.500000 1.000000 -0.142857
5790.000000 1.000000 -0.142857
5797.500000 1.000000 -0.142857
5805.000000 1.000000 -0.142857
5812.500000 1.000000 0.857143
5820.000000 1.000000 -0.142857
5827.500000 1.000000 0.857143
5835.000000 1.000000 1.857143
5842.500000 1.000000 -0.142857
5850.000000 1.000000 -0.142857
5857.500000 1.000000 -0.142857
5865.000000 1.000000 0.857143
5872.500000 1.000000 0.857143
5880.000000 1.000000 -0.142857
5887.500000 1.000000 1.857143
5895.000000 1.000000 0.857143
5902.500000 1.000000 -0.142857
5910.000000 1.000000 0.857143
5917.500000 1.000000 0.857143
5925.000000 1.000000 -0.142857
5932.500000 1.000000 -0.142857
5940.000000 1.000000 -0.142857
5947.500000 1.000000 1.857143
5955.000000 1.000000 1.857143
5962.500000 1.000000 -0.142857
5970.000000 1.000000 0.857143
5977.500000 1.000000 -0.142857
5985.000000 1.000000 -0.142857
5992.500000 1.000000 0.857143
6000.000000 1.000000 1.857143
6007.500000 1.000000 0.857143
6015.000000 1.000000 1.857143
6022.500000 1.000000 1.857143
6030.000000 1.000000 0.857143
6037.500000 1.000000 0.857143
6045.000000 1.000000 -0.142857
6052.500000 1.000000 -0.142857
6060.000000 1.000000 -0.142857
6067.500000 1.000000 0.857143
6075.000000 1.000000 0.857143
6082.500000 1.000000 0.857143
6090.000000 1.000000 -0.142857
6097.500000 1.000000 -0.142857
6105.000000 1.000000 1.857143
6112.500000 1.000000 1.857143
6120.000000 1.000000 1.857143
6127.500000 1.000000 1.857143
6135.000000 1.000000 0.857143
6142.500000 1.000000 2.857143
6150.000000 1.000000 -0.142857
6157.500000 1.000000 -0.142857
6165.000000 1.000000 -0.142857
6172.500000 1.000000 0.857143
6180.000000 1.000000 -0.142857
6187.500000 1.000000 0.857143
6195.000000 1.000000 0.857143
6202.500000 1.000000 0.857143
6210.000000 1.000000 0.857143
6217.500000 1.000000 -0.142857
6225.000000 1.000000 0.857143
6232.500000 1.000000 0.857143
6240.000000 1.000000 -0.142857
6247.500000 1.000000 1.857143
6255.000000 1.000000 -0.142857
6262.500000 1.000000 0.857143
6270.000000 1.000000 0.857143
6277.500000 1.000000 1.857143
6285.000000 1.000000 1.857143
6292.500000 1.000000 -0.142857
6300.000000 1.000000 2.857143
6307.500000 1.000000 0.857143
6315.000000 1.000000 0.857143
6322.500000 1.000000 -0.142857
6330.000000 1.000000 -0.142857
6337.500000 1.000000 -0.142857
6345.000000 1.000000 0.857143
6352.500000 1.000000 0.857143
6360.000000 1.000000 -0.142857
6367.500000 1.000000 -0.142857
6375.000000 1.000000 1.857143
6382.500000 1.000000 0.857143
6390.000000 1.000000 -0.142857
6397.500000 1.000000 -0.142857
6405.000000 1.000000 1.857143
6412.500000 1.000000 1.857143
6420.000000 1.000000 0.857143
6427.500000 1.000000 1.857143
6435.000000 1.000000 0.857143
6442.500000 1.000000 -0.142857
6450.000000 1.000000 -0.142857
6457.500000 1.000000 2.857143
6465.000000 1.000000 -0.142857
6472.500000 1.000000 0.857143
6480.000000 1.000000 -0.142857
6487.500000 1.000000 2.857143
6495.000000 1.000000 -0.142857
6502.500000 1.000000 0.857143
6510.000000 1.000000 1.857143
6517.500000 1.000000 -0.142857
6525.000000 1.000000 -0.142857
6532.500000 1.000000 -0.142857
6540.000000 1.000000 0.857143
6547.500000 1.000000 -0.142857
6555.000000 1.000000 -0.142857
6562.500000 1.000000 -0.142857
6570.000000 1.000000 -0.142857
6577.500000 1.000000 -0.142857
6585.000000 1.000000 -0.142857
6592.500000 1.000000 0.857143
6600.000000 1.000000 1.857143
6607.500000 1.000000 -0.142857
6615.000000 1.000000 -0.142857
6622.500000 1.000000 1.857143
6630.000000 1.000000 0.857143
6637.500000 1.000000 1.857143
6645.000000 1.000000 0.857143
6652.500000 1.000000 1.857143
6660.000000 1.000000 1.857143
6667.500000 1.000000 0.857143
6675.000000 1.000000 1.857143
6682.500000 1.000000 0.857143
6690.000000 1.000000 -0.142857
6697.500000 1.000000 -0.142857
6705.000000 1.000000 1.857143
6712.500000 1.000000 -0.142857
6720.000000 1.000000 -0.142857
6727.500000 1.000000 -0.142857
6735.000000 1.000000 -0.142857
6742.500000 1.000000 0.857143
6750.000000 1.000000 -0.142857
6757.500000 1.000000 -0.142857
6765.000000 1.000000 0.857143
6772.500000 1.000000 -0.142857
6780.000000 1.000000 -0.142857
6787.500000 1.000000 -0.142857
6795.000000 1.000000 -0.142857
6802.500000 1.000000 -0.142857
6810.000000 1.000000 0.857143
6817.500000 1.000000 -0.142857
6825.000000 1.000000 -0.142857
6832.500000 1.000000 -0.142857
6840.000000 1.000000 0.857143
6847.500000 1.000000 -0.142857
6855.000000 1.000000 -0.142857
6862.500000 1.000000 -0.142857
6870.000000 1.000000 1.857143
6877.500000 1.000000 0.857143
6885.000000 1.000000 -0.142857
6892.500000 1.000000 0.857143
6900.000000 1.000000 -0.142857
6907.500000 1.000000 -0.142857
6915.000000 1.000000 -0.142857
6922.500000 1.000000 0.857143
6930.000000 1.000000 -0.142857
6937.500000 1.000000 -0.142857
6945.000000 1.000000 -0.142857
6952.500000 1.000000 -0.142857
6960.000000 1.000000 0.857143
6967.500000 1.000000 -0.142857
6975.000000 1.000000 -0.142857
6982.500000 1.000000 -0.142857
6990.000000 1.000000 1.857143
6997.500000 1.000000 -0.142857
7005.000000 1.000000 -0.142857
7012.500000 1.000000 -0.142857
7020.000000 1.000000 -0.142857
7027.500000 1.000000 -0.142857
7035.000000 1.000000 0.857143
7042.500000 1.000000 0.857143
7050.000000 1.000000 0.857143
7057.500000 1.000000 -0.142857
7065.000000 1.000000 -0.142857
7072.500000 1.000000 -0.142857
7080.000000 1.000000 -0.142857
7087.500000 1.000000 0.857143
7095.000000 1.000000 0.857143
7102.500000 1.000000 -0.142857
7110.000000 1.000000 -0.142857
7117.500000 1.000000 0.857143
7125.000000 1.000000 -0.142857
7132.500000 1.000000 -0.142857
7140.000000 1.000000 -0.142857
7147.500000 1.000000 -0.142857
7155.000000 1.000000 0.857143
7162.500000 1.000000 -0.142857
7170.000000 1.000000 -0.142857
7177.500000 1.000000 -0.142857
7185.000000 1.000000 1.857143
7192.500000 1.000000 1.857143
7200.000000 1.000000 0.857143
7207.500000 1.000000 0.857143
7215.000000 1.000000 0.857143
7222.500000 1.000000 -0.142857
7230.000000 1.000000 0.857143
7237.500000 1.000000 -0.142857
7245.000000 1.000000 -0.142857
7252.500000 1.000000 -0.142857
7260.000000 1.000000 -0.142857
7267.500000 1.000000 -0.142857
7275.000000 1.000000 -0.142857
7282.500000 1.000000 -0.142857
7290.000000 1.000000 0.857143
7297.500000 1.000000 -0.142857
7305.000000 1.000000 0.857143
7312.500000 1.000000 3.857143
7320.000000 1.000000 0.857143
7327.500000 1.000000 -0.142857
7335.000000 1.000000 0.857143
7342.500000 1.000000 0.857143
7350.000000 1.000000 -0.142857
7357.500000 1.000000 -0.142857
7365.000000 1.000000 0.857143
7372.500000 1.000000 -0.142857
7380.000000 1.000000 -0.142857
7387.500000 1.000000 0.857143
7395.000000 1.000000 0.857143
7402.500000 1.000000 -0.142857
7410.000000 1.000000 -0.142857
7417.500000 1.000000 1.857143
7425.000000 1.000000 1.857143
7432.500000 1.000000 -0.142857
7440.000000 1.000000 -0.142857
7447.500000 1.000000 0.857143
7455.000000 1.000000 -0.142857
7462.500000 1.000000 -0.142857
7470.000000 1.000000 0.857143
7477.500000 1.000000 0.857143
7485.000000 1.000000 -0.142857
7492.500000 1.000000 -0.142857
7500.000000 1.000000 -0.142857
7507.500000 1.000000 -0.142857
7515.000000 1.000000 0.857143
7522.500000 1.000000 0.857143
7530.000000 1.000000 2.857143
7537.500000 1.000000 -0.142857
7545.000000 1.000000 -0.142857
7552.500000 1.000000 -0.142857
7560.000000 1.000000 -0.142857
7567.500000 1.000000 0.857143
7575.000000 1.000000 -0.142857
7582.500000 1.000000 -0.142857
7590.000000 1.000000 0.857143
7597.500000 1.000000 0.857143
7605.000000 1.000000 0.857143
7612.500000 1.000000 0.857143
7620.000000 1.000000 -0.142857
7627.500000 1.000000 -0.142857
7635.000000 1.000000 -0.142857
7642.500000 1.000000 -0.142857
7650.000000 1.000000 -0.142857
7657.500000 1.000000 -0.142857
7665.000000 1.000000 1.857143
7672.500000 1.000000 0.857143
7680.000000 1.000000 -0.142857
7687.500000 1.000000 -0.142857
7695.000000 1.000000 -0.142857
7702.500000 1.000000 0.857143
7710.000000 1.000000 -0.142857
7717.500000 1.000000 1.857143
7725.000000 1.000000 0.857143
7732.500000 1.000000 0.857143
7740.000000 1.000000 -0.142857
7747.500000 1.000000 -0.142857
7755.000000 1.000000 0.857143
7762.500000 1.000000 -0.142857
7770.000000 1.000000 -0.142857
7777.500000 1.000000 -0.142857
7785.000000 1.000000 -0.142857
7792.500000 1.000000 -0.142857
7800.000000 1.000000 -0.142857
7807.500000 1.000000 0.857143
7815.000000 1.000000 0.857143
7822.500000 1.000000 -0.142857
7830.000000 1.000000 0.857143
7837.500000 1.000000 1.857143
7845.000000 1.000000 0.857143
7852.500000 1.000000 0.857143
7860.000000 1.000000 3.857143
7867.500000 1.000000 -0.142857
7875.000000 1.000000 1.857143
7882.500000 1.000000 -0.142857
7890.000000 1.000000 -0.142857
7897.500000 1.000000 -0.142857
7905.000000 1.000000 -0.142857
7912.500000 1.000000 -0.142857
7920.000000 1.000000 -0.142857
7927.500000 1.000000 -0.142857
7935.000000 1.000000 -0.142857
7942.500000 1.000000 -0.142857
7950.000000 1.000000 -0.142857
7957.500000 1.000000 -0.142857
7965.000000 1.000000 -0.142857
7972.500000 1.000000 -0.142857
7980.000000 1.000000 0.857143
7987.500000 1.000000 -0.142857
7995.000000 1.000000 1.857143
8002.500000 1.000000 0.857143
8010.000000 1.000000 0.857143
8017.500000 1.000000 0.857143
8025.000000 1.000000 0.857143
8032.500000 1.000000 -0.142857
8040.000000 1.000000 -0.142857
8047.500000 1.000000 -0.142857
8055.000000 1.000000 -0.142857
8062.500000 1.000000 -0.142857
8070.000000 1.000000 0.857143
8077.500000 1.000000 -0.142857
8085.000000 1.000000 0.857143
8092.500000 1.000000 -0.142857
8100.000000 1.000000 -0.142857
8107.500000 1.000000 0.857143
8115.000000 1.000000 -0.142857
8122.500000 1.000000 -0.142857
8130.000000 1.000000 -0.142857
8137.500000 1.000000 1.857143
8145.000000 1.000000 1.857143
8152.500000 1.000000 0.857143
8160.000000 1.000000 -0.142857
8167.500000 1.000000 -0.142857
8175.000000 1.000000 -0.142857
8182.500000 1.000000 -0.142857
8190.000000 1.000000 -0.142857
8197.500000 1.000000 -0.142857
8205.000000 1.000000 -0.142857
8212.500000 1.000000 -0.142857
8220.000000 1.000000 -0.142857
8227.500000 1.000000 0.857143
8235.000000 1.000000 0.857143
8242.500000 1.000000 0.857143
8250.000000 1.000000 0.857143
8257.500000 1.000000 -0.142857
8265.000000 1.000000 -0.142857
8272.500000 1.000000 -0.142857
8280.000000 1.000000 0.857143
8287.500000 1.000000 0.857143
8295.000000 1.000000 -0.142857
8302.500000 1.000000 0.857143
8310.000000 1.000000 -0.142857
8317.500000 1.000000 -0.142857
8325.000000 1.000000 -0.142857
8332.500000 1.000000 -0.142857
8340.000000 1.000000 3.857143
8347.500000 1.000000 3.857143
8355.000000 1.000000 -0.142857
8362.500000 1.000000 -0.142857
8370.000000 1.000000 -0.142857
8377.500000 1.000000 -0.142857
8385.000000 1.000000 -0.142857
8392.500000 1.000000 -0.142857
8400.000000 1.000000 0.857143
8407.500000 1.000000 1.857143
8415.000000 1.000000 0.857143
8422.500000 1.000000 0.857143
8430.000000 1.000000 0.857143
8437.500000 1.000000 0.857143
8445.000000 1.000000 0.857143
8452.500000 1.000000 1.857143
8460.000000 1.000000 0.857143
8467.500000 1.000000 -0.142857
8475.000000 1.000000 -0.142857
8482.500000 1.000000 -0.142857
8490.000000 1.000000 1.857143
8497.500000 1.000000 -0.142857
8505.000000 1.000000 1.857143
8512.500000 1.000000 1.857143
8520.000000 1.000000 0.857143
8527.500000 1.000000 0.857143
8535.000000 1.000000 -0.142857
8542.500000 1.000000 -0.142857
8550.000000 1.000000 -0.142857
8557.500000 1.000000 -0.142857
8565.000000 1.000000 1.857143
8572.500000 1.000000 -0.142857
8580.000000 1.000000 0.857143
8587.500000 1.000000 1.857143
8595.000000 1.000000 1.857143
8602.500000 1.000000 -0.142857
8610.000000 1.000000 -0.142857
8617.500000 1.000000 -0.142857
8625.000000 1.000000 0.857143
8632.500000 1.000000 -0.142857
8640.000000 1.000000 -0.142857
8647.500000 1.000000 -0.142857
8655.000000 1.000000 -0.142857
8662.500000 1.000000 -0.142857
8670.000000 1.000000 0.857143
8677.500000 1.000000 0.857143
8685.000000 1.000000 -0.142857
8692.500000 1.000000 -0.142857
8700.000000 1.000000 -0.142857
8707.500000 1.000000 -0.142857
8715.000000 1.000000 -0.142857
8722.500000 1.000000 1.857143
8730.000000 1.000000 -0.142857
8737.500000 1.000000 -0.142857
8745.000000 1.000000 -0.142857
8752.500000 1.000000 1.857143
8760.000000 1.000000 1.857143
8767.500000 1.000000 -0.142857
8775.000000 1.000000 -0.142857
8782.500000 1.000000 -0.142857
8790.000000 1.000000 -0.142857
8797.500000 1.000000 0.857143
8805.000000 1.000000 0.857143
8812.500000 1.000000 -0.142857
8820.000000 1.000000 -0.142857
8827.500000 1.000000 -0.142857
8835.000000 1.000000 -0.142857
8842.500000 1.000000 -0.142857
8850.000000 1.000000 -0.142857
8857.500000 1.000000 -0.142857
8865.000000 1.000000 -0.142857
8872.500000 1.000000 -0.142857
8880.000000 1.000000 -0.142857
8887.500000 1.000000 0.857143
8895.000000 1.000000 -0.142857
8902.500000 1.000000 0.857143
8910.000000 1.000000 -0.142857
8917.500000 1.000000 -0.142857
8925.000000 1.000000 -0.142857
8932.500000 1.000000 0.857143
8940.000000 1.000000 -0.142857
8947.500000 1.000000 -0.142857
8955.000000 1.000000 -0.142857
8962.500000 1.000000 -0.142857
8970.000000 1.000000 -0.142857
8977.500000 1.000000 -0.142857
8985.000000 1.000000 0.857143
8992.500000 1.000000 -0.142857
9000.000000 1.000000 -0.142857
9007.500000 1.000000 -0.142857
9015.000000 1.000000 -0.142857
9022.500000 1.000000 -0.142857
9030.000000 1.000000 -0.142857
9037.500000 1.000000 -0.142857
9045.000000 1.000000 0.857143
9052.500000 1.000000 -0.142857
9060.000000 1.000000 -0.142857
9067.500000 1.000000 -0.142857
9075.000000 1.000000 0.857143
9082.500000 1.000000 0.857143
9090.000000 1.000000 0.857143
9097.500000 1.000000 1.857143
9105.000000 1.000000 0.857143
9112.500000 1.000000 -0.142857
9120.000000 1.000000 0.857143
9127.500000 1.000000 -0.142857
9135.000000 1.000000 -0.142857
9142.500000 1.000000 -0.142857
9150.000000 1.000000 0.857143
9157.500000 1.000000 -0.142857
9165.000000 1.000000 -0.142857
9172.500000 1.000000 -0.142857
9180.000000 1.000000 -0.142857
9187.500000 1.000000 -0.142857
9195.000000 1.000000 -0.142857
9202.500000 1.000000 1.857143
9210.000000 1.000000 -0.142857
9217.500000 1.000000 -0.142857
9225.000000 1.000000 -0.142857
9232.500000 1.000000 0.857143
9240.000000 1.000000 0.857143
9247.500000 1.000000 0.857143
9255.000000 1.000000 0.857143
9262.500000 1.000000 -0.142857
9270.000000 1.000000 1.857143
9277.500000 1.000000 -0.142857
9285.000000 1.000000 -0.142857
9292.500000 1.000000 1.857143
9300.000000 1.000000 -0.142857
9307.500000 1.000000 -0.142857
9315.000000 1.000000 -0.142857
9322.500000 1.000000 -0.142857
9330.000000 1.000000 -0.142857
9337.500000 1.000000 -0.142857
9345.000000 1.000000 -0.142857
9352.500000 1.000000 -0.142857
9360.000000 1.000000 -0.142857
9367.500000 1.000000 0.857143
9375.000000 1.000000 0.857143
9382.500000 1.000000 -0.142857
9390.000000 1.000000 -0.142857
9397.500000 1.000000 0.857143
9405.000000 1.000000 -0.142857
9412.500000 1.000000 0.857143
9420.000000 1.000000 0.857143
9427.500000 1.000000 -0.142857
9435.000000 1.000000 -0.142857
9442.500000 1.000000 -0.142857
9450.000000 1.000000 0.857143
9457.500000 1.000000 0.857143
9465.000000 1.000000 -0.142857
9472.500000 1.000000 -0.142857
9480.000000 1.000000 -0.142857
9487.500000 1.000000 0.857143
9495.000000 1.000000 1.857143
9502.500000 1.000000 1.857143
9510.000000 1.000000 -0.142857
9517.500000 1.000000 -0.142857
9525.000000 1.000000 0.857143
9532.500000 1.000000 1.857143
9540.000000 1.000000 -0.142857
9547.500000 1.000000 0.857143
9555.000000 1.000000 -0.142857
9562.500000 1.000000 -0.142857
9570.000000 1.000000 -0.142857
9577.500000 1.000000 -0.142857
9585.000000 1.000000 -0.142857
9592.500000 1.000000 -0.142857
9600.000000 1.000000 0.857143
9607.500000 1.000000 -0.142857
9615.000000 1.000000 0.857143
9622.500000 1.000000 -0.142857
9630.000000 1.000000 0.857143
9637.500000 1.000000 -0.142857
9645.000000 1.000000 -0.142857
9652.500000 1.000000 -0.142857
9660.000000 1.000000 -0.142857
9667.500000 1.000000 -0.142857
9675.000000 1.000000 -0.142857
9682.500000 1.000000 -0.142857
9690.000000 1.000000 -0.142857
9697.500000 1.000000 -0.142857
9705.000000 1.000000 0.857143
9712.500000 1.000000 -0.142857
9720.000000 1.000000 -0.142857
9727.500000 1.000000 -0.142857
9735.000000 1.000000 0.857143
9742.500000 1.000000 1.857143
9750.000000 1.000000 1.857143
9757.500000 1.000000 -0.142857
9765.000000 1.000000 -0.142857
9772.500000 1.000000 -0.142857
9780.000000 1.000000 -0.142857
9787.500000 1.000000 -0.142857
9795.000000 1.000000 -0.142857
9802.500000 1.000000 0.857143
9810.000000 1.000000 -0.142857
9817.500000 1.000000 0.857143
9825.000000 1.000000 0.857143
9832.500000 1.000000 0.857143
9840.000000 1.000000 -0.142857
9847.500000 1.000000 -0.142857
9855.000000 1.000000 -0.142857
9862.500000 1.000000 -0.142857
9870.000000 1.000000 0.857143
9877.500000 1.000000 0.857143
9885.000000 1.000000 0.857143
9892.500000 1.000000 1.857143
9900.000000 1.000000 -0.142857
9907.500000 1.000000 0.857143
9915.000000 1.000000 0.857143
9922.500000 1.000000 -0.142857
9930.000000 1.000000 -0.142857
9937.500000 1.000000 -0.142857
9945.000000 1.000000 -0.142857
9952.500000 1.000000 -0.142857
9960.000000 1.000000 0.857143
9967.500000 1.000000 -0.142857
9975.000000 1.000000 -0.142857
9982.500000 1.000000 -0.142857
9990.000000 1.000000 -0.142857
9997.500000 1.000000 -0.142857
10005.000000 1.000000 -0.142857
10012.500000 1.000000 0.857143
10020.000000 1.000000 0.857143
10027.500000 1.000000 0.857143
10035.000000 1.000000 0.857143
10042.500000 1.000000 0.857143
10050.000000 1.000000 0.857143
10057.500000 1.000000 0.857143
10065.000000 1.000000 -0.142857
10072.500000 1.000000 -0.142857
10080.000000 1.000000 -0.142857
10087.500000 1.000000 0.857143
10095.000000 1.000000 -0.142857
10102.500000 1.000000 0.857143
10110.000000 1.000000 0.857143
10117.500000 1.000000 -0.142857
10125.000000 1.000000 -0.142857
10132.500000 1.000000 -0.142857
10140.000000 1.000000 -0.142857
10147.500000 1.000000 -0.142857
10155.000000 1.000000 0.857143
10162.500000 1.000000 0.857143
10170.000000 1.000000 -0.142857
10177.500000 1.000000 -0.142857
10185.000000 1.000000 -0.142857
10192.500000 1.000000 -0.142857
10200.000000 1.000000 -0.142857
10207.500000 1.000000 -0.142857
10215.000000 1.000000 -0.142857
10222.500000 1.000000 0.857143
10230.000000 1.000000 -0.142857
10237.500000 1.000000 0.857143
10245.000000 1.000000 0.857143
10252.500000 1.000000 -0.142857
10260.000000 1.000000 1.857143
10267.500000 1.000000 -0.142857
10275.000000 1.000000 -0.142857
10282.500000 1.000000 -0.142857
10290.000000 1.000000 0.857143
10297.500000 1.000000 -0.142857
10305.000000 1.000000 -0.142857
10312.500000 1.000000 1.857143
10320.000000 1.000000 -0.142857
10327.500000 1.000000 -0.142857
10335.000000 1.000000 -0.142857
10342.500000 1.000000 -0.142857
10350.000000 1.000000 1.857143
10357.500000 1.000000 0.857143
10365.000000 1.000000 -0.142857
10372.500000 1.000000 0.857143
10380.000000 1.000000 1.857143
10387.500000 1.000000 -0.142857
10395.000000 1.000000 -0.142857
10402.500000 1.000000 -0.142857
10410.000000 1.000000 -0.142857
10417.500000 1.000000 0.857143
10425.000000 1.000000 -0.142857
10432.500000 1.000000 1.857143
10440.000000 1.000000 -0.142857
10447.500000 1.000000 -0.142857
10455.000000 1.000000 0.857143
10462.500000 1.000000 -0.142857
10470.000000 1.000000 -0.142857
10477.500000 1.000000 0.857143
10485.000000 1.000000 -0.142857
10492.500000 1.000000 -0.142857
10500.000000 1.000000 -0.142857
10507.500000 1.000000 -0.142857
10515.000000 1.000000 -0.142857
10522.500000 1.000000 -0.142857
10530.000000 1.000000 -0.142857
10537.500000 1.000000 -0.142857
10545.000000 1.000000 -0.142857
10552.500000 1.000000 -0.142857
10560.000000 1.000000 -0.142857
10567.500000 1.000000 -0.142857
10575.000000 1.000000 -0.142857
10582.500000 1.000000 -0.142857
10590.000000 1.000000 1.857143
10597.500000 1.000000 -0.142857
10605.000000 1.000000 0.857143
10612.500000 1.000000 -0.142857
10620.000000 1.000000 -0.142857
10627.500000 1.000000 -0.142857
10635.000000 1.000000 0.857143
10642.500000 1.000000 0.857143
10650.000000 1.000000 -0.142857
10657.500000 1.000000 -0.142857
10665.000000 1.000000 -0.142857
10672.500000 1.000000 0.857143
10680.000000 1.000000 -0.142857
10687.500000 1.000000 -0.142857
10695.000000 1.000000 -0.142857
10702.500000 1.000000 -0.142857
10710.000000 1.000000 0.857143
10717.500000 1.000000 -0.142857
10725.000000 1.000000 -0.142857
10732.500000 1.000000 0.857143
10740.000000 1.000000 0.857143
10747.500000 1.000000 -0.142857
10755.000000 1.000000 -0.142857
10762.500000 1.000000 1.857143
10770.000000 1.000000 -0.142857
10777.500000 1.000000 -0.142857
10785.000000 1.000000 -0.142857
10792.500000 1.000000 0.857143
10800.000000 1.000000 -0.142857
10807.500000 1.000000 0.857143
10815.000000 1.000000 -0.142857
10822.500000 1.000000 -0.142857
10830.000000 1.000000 -0.142857
10837.500000 1.000000 -0.142857
10845.000000 1.000000 -0.142857
10852.500000 1.000000 -0.142857
10860.000000 1.000000 0.857143
10867.500000 1.000000 -0.142857
10875.000000 1.000000 -0.142857
10882.500000 1.000000 -0.142857
10890.000000 1.000000 -0.142857
10897.500000 1.000000 0.857143
10905.000000 1.000000 0.857143
10912.500000 1.000000 -0.142857
10920.000000 1.000000 -0.142857
10927.500000 1.000000 0.857143
10935.000000 1.000000 -0.142857
10942.500000 1.000000 -0.142857
10950.000000 1.000000 -0.142857
10957.500000 1.000000 0.857143
10965.000000 1.000000 -0.142857
10972.500000 1.000000 -0.142857
10980.000000 1.000000 1.857143
10987.500000 1.000000 1.857143
10995.000000 1.000000 1.857143
11002.500000 1.000000 0.857143
11010.000000 1.000000 -0.142857
11017.500000 1.000000 -0.142857
11025.000000 1.000000 -0.142857
11032.500000 1.000000 0.857143
11040.000000 1.000000 -0.142857
11047.500000 1.000000 -0.142857
11055.000000 1.000000 0.857143
11062.500000 1.000000 0.857143
11070.000000 1.000000 0.857143
11077.500000 1.000000 -0.142857
11085.000000 1.000000 -0.142857
11092.500000 1.000000 1.857143
11100.000000 1.000000 -0.142857
11107.500000 1.000000 -0.142857
11115.000000 1.000000 1.857143
11122.500000 1.000000 -0.142857
11130.000000 1.000000 -0.142857
11137.500000 1.000000 -0.142857
11145.000000 1.000000 -0.142857
11152.500000 1.000000 -0.142857
11160.000000 1.000000 0.857143
11167.500000 1.000000 -0.142857
11175.000000 1.000000 -0.142857
11182.500000 1.000000 -0.142857
11190.000000 1.000000 -0.142857
11197.500000 1.000000 1.857143
11205.000000 1.000000 0.857143
11212.500000 1.000000 0.857143
11220.000000 1.000000 -0.142857
11227.500000 1.000000 -0.142857
11235.000000 1.000000 -0.142857
11242.500000 1.000000 -0.142857
11250.000000 1.000000 0.857143
11257.500000 1.000000 0.857143
11265.000000 1.000000 1.857143
11272.500000 1.000000 -0.142857
11280.000000 1.000000 -0.142857
11287.500000 1.000000 -0.142857
11295.000000 1.000000 -0.142857
11302.500000 1.000000 -0.142857
11310.000000 1.000000 -0.142857
11317.500000 1.000000 -0.142857
11325.000000 1.000000 0.857143
11332.500000 1.000000 -0.142857
11340.000000 1.000000 0.857143
11347.500000 1.000000 -0.142857
11355.000000 1.000000 -0.142857
11362.500000 1.000000 -0.142857
11370.000000 1.000000 0.857143
11377.500000 1.000000 -0.142857
11385.000000 1.000000 -0.142857
11392.500000 1.000000 -0.142857
11400.000000 1.000000 -0.142857
11407.500000 1.000000 -0.142857
11415.000000 1.000000 -0.142857
11422.500000 1.000000 -0.142857
11430.000000 1.000000 -0.142857
11437.500000 1.000000 -0.142857
11445.000000 1.000000 -0.142857
11452.500000 1.000000 -0.142857
11460.000000 1.000000 -0.142857
11467.500000 1.000000 -0.142857
11475.000000 1.000000 0.857143
11482.500000 1.000000 0.857143
11490.000000 1.000000 0.857143
11497.500000 1.000000 -0.142857
11505.000000 1.000000 -0.142857
11512.500000 1.000000 -0.142857
11520.000000 1.000000 -0.142857
11527.500000 1.000000 -0.142857
11535.000000 1.000000 0.857143
11542.500000 1.000000 -0.142857
11550.000000 1.000000 0.857143
11557.500000 1.000000 -0.142857
11565.000000 1.000000 -0.142857
11572.500000 1.000000 -0.142857
11580.000000 1.000000 -0.142857
11587.500000 1.000000 0.857143
11595.000000 1.000000 0.857143
11602.500000 1.000000 -0.142857
11610.000000 1.000000 -0.142857
11617.500000 1.000000 -0.142857
11625.000000 1.000000 -0.142857
11632.500000 1.000000 0.857143
11640.000000 1.000000 -0.142857
11647.500000 1.000000 -0.142857
11655.000000 1.000000 0.857143
11662.500000 1.000000 1.857143
11670.000000 1.000000 0.857143
11677.500000 1.000000 1.857143
11685.000000 1.000000 -0.142857
11692.500000 1.000000 -0.142857
11700.000000 1.000000 0.857143
11707.500000 1.000000 0.857143
11715.000000 1.000000 -0.142857
11722.500000 1.000000 -0.142857
11730.000000 1.000000 -0.142857
11737.500000 1.000000 -0.142857
11745.000000 1.000000 1.857143
11752.500000 1.000000 -0.142857
11760.000000 1.000000 -0.142857
11767.500000 1.000000 -0.142857
11775.000000 1.000000 0.857143
11782.500000 1.000000 -0.142857
11790.000000 1.000000 -0.142857
11797.500000 1.000000 -0.142857
11805.000000 1.000000 -0.142857
11812.500000 1.000000 -0.142857
11820.000000 1.000000 -0.142857
11827.500000 1.000000 0.857143
11835.000000 1.000000 -0.142857
11842.500000 1.000000 -0.142857
11850.000000 1.000000 0.857143
11857.500000 1.000000 0.857143
11865.000000 1.000000 1.857143
11872.500000 1.000000 -0.142857
11880.000000 1.000000 -0.142857
11887.500000 1.000000 -0.142857
11895.000000 1.000000 -0.142857
11902.500000 1.000000 -0.142857
11910.000000 1.000000 -0.142857
11917.500000 1.000000 0.857143
11925.000000 1.000000 -0.142857
11932.500000 1.000000 0.857143
11940.000000 1.000000 2.857143
11947.500000 1.000000 -0.142857
11955.000000 1.000000 0.857143
11962.500000 1.000000 -0.142857
11970.000000 1.000000 -0.142857
11977.500000 1.000000 -0.142857
11985.000000 1.000000 -0.142857
11992.500000 1.000000 -0.142857
12000.000000 1.000000 -0.142857
12007.500000 1.000000 -0.142857
12015.000000 1.000000 -0.142857
12022.500000 1.000000 -0.142857
12030.000000 1.000000 -0.142857
12037.500000 1.000000 -0.142857
12045.000000 1.000000 -0.142857
12052.500000 1.000000 -0.142857
12060.000000 1.000000 -0.142857
12067.500000 1.000000 -0.142857
12075.000000 1.000000 -0.142857
12082.500000 1.000000 0.857143
12090.000000 1.000000 -0.142857
12097.500000 1.000000 0.857143
12105.000000 1.000000 -0.142857
12112.500000 1.000000 -0.142857
12120.000000 1.000000 -0.142857
12127.500000 1.000000 0.857143
12135.000000 1.000000 -0.142857
12142.500000 1.000000 -0.142857
12150.000000 1.000000 -0.142857
12157.500000 1.000000 0.857143
12165.000000 1.000000 -0.142857
12172.500000 1.000000 -0.142857
12180.000000 1.000000 -0.142857
12187.500000 1.000000 1.857143
12195.000000 1.000000 -0.142857
12202.500000 1.000000 -0.142857
12210.000000 1.000000 -0.142857
12217.500000 1.000000 0.857143
12225.000000 1.000000 0.857143
12232.500000 1.000000 0.857143
12240.000000 1.000000 -0.142857
12247.500000 1.000000 0.857143
12255.000000 1.000000 -0.142857
12262.500000 1.000000 0.857143
12270.000000 1.000000 0.857143
12277.500000 1.000000 -0.142857
12285.000000 1.000000 -0.142857
12292.500000 1.000000 -0.142857
12300.000000 1.000000 -0.142857
12307.500000 1.000000 -0.142857
12315.000000 1.000000 -0.142857
12322.500000 1.000000 0.857143
12330.000000 1.000000 -0.142857
12337.500000 1.000000 -0.142857
12345.000000 1.000000 -0.142857
12352.500000 1.000000 1.857143
12360.000000 1.000000 0.857143
12367.500000 1.000000 1.857143
12375.000000 1.000000 0.857143
12382.500000 1.000000 -0.142857
12390.000000 1.000000 -0.142857
12397.500000 1.000000 0.857143
12405.000000 1.000000 -0.142857
12412.500000 1.000000 0.857143
12420.000000 1.000000 -0.142857
12427.500000 1.000000 -0.142857
12435.000000 1.000000 -0.142857
12442.500000 1.000000 0.857143
12450.000000 1.000000 0.857143
12457.500000 1.000000 0.857143
12465.000000 1.000000 -0.142857
12472.500000 1.000000 -0.142857
12480.000000 1.000000 -0.142857
12487.500000 1.000000 -0.142857
12495.000000 1.000000 -0.142857
12502.500000 1.000000 -0.142857
12510.000000 1.000000 -0.142857
12517.500000 1.000000 0.857143
12525.000000 1.000000 -0.142857
12532.500000 1.000000 -0.142857
12540.000000 1.000000 -0.142857
12547.500000 1.000000 -0.142857
12555.000000 1.000000 -0.142857
12562.500000 1.000000 -0.142857
12570.000000 1.000000 0.857143
12577.500000 1.000000 -0.142857
12585.000000 1.000000 0.857143
12592.500000 1.000000 -0.142857
12600.000000 1.000000 -0.142857
12607.500000 1.000000 -0.142857
12615.000000 1.000000 -0.142857
12622.500000 1.000000 -0.142857
12630.000000 1.000000 -0.142857
12637.500000 1.000000 -0.142857
12645.000000 1.000000 -0.142857
12652.500000 1.000000 -0.142857
12660.000000 1.000000 -0.142857
12667.500000 1.000000 -0.142857
12675.000000 1.000000 -0.142857
12682.500000 1.000000 -0.142857
12690.000000 1.000000 0.857143
12697.500000 1.000000 -0.142857
12705.000000 1.000000 -0.142857
12712.500000 1.000000 -0.142857
12720.000000 1.000000 -0.142857
12727.500000 1.000000 0.857143
12735.000000 1.000000 1.857143
12742.500000 1.000000 -0.142857
12750.000000 1.000000 0.857143
12757.500000 1.000000 -0.142857
12765.000000 1.000000 -0.142857
12772.500000 1.000000 -0.142857
12780.000000 1.000000 0.857143
12787.500000 1.000000 0.857143
12795.000000 1.000000 -0.142857
12802.500000 1.000000 -0.142857
12810.000000 1.000000 -0.142857
12817.500000 1.000000 -0.142857
12825.000000 1.000000 -0.142857
12832.500000 1.000000 1.857143
12840.000000 1.000000 -0.142857
12847.500000 1.000000 -0.142857
12855.000000 1.000000 -0.142857
12862.500000 1.000000 0.857143
12870.000000 1.000000 -0.142857
12877.500000 1.000000 -0.142857
12885.000000 1.000000 -0.142857
12892.500000 1.000000 1.857143
12900.000000 1.000000 -0.142857
12907.500000 1.000000 1.857143
12915.000000 1.000000 -0.142857
12922.500000 1.000000 -0.142857
12930.000000 1.000000 -0.142857
12937.500000 1.000000 -0.142857
12945.000000 1.000000 1.857143
12952.500000 1.000000 0.857143
12960.000000 1.000000 -0.142857
12967.500000 1.000000 -0.142857
12975.000000 1.000000 -0.142857
12982.500000 1.000000 -0.142857
12990.000000 1.000000 -0.142857
12997.500000 1.000000 -0.142857
13005.000000 1.000000 0.857143
13012.500000 1.000000 0.857143
13020.000000 1.000000 0.857143
13027.500000 1.000000 -0.142857
13035.000000 1.000000 -0.142857
13042.500000 1.000000 0.857143
13050.000000 1.000000 0.857143
13057.500000 1.000000 -0.142857
13065.000000 1.000000 -0.142857
13072.500000 1.000000 -0.142857
13080.000000 1.000000 -0.142857
13087.500000 1.000000 -0.142857
13095.000000 1.000000 -0.142857
13102.500000 1.000000 -0.142857
13110.000000 1.000000 0.857143
13117.500000 1.000000 0.857143
13125.000000 1.000000 1.857143
13132.500000 1.000000 1.857143
13140.000000 1.000000 0.857143
13147.500000 1.000000 -0.142857
13155.000000 1.000000 -0.142857
13162.500000 1.000000 -0.142857
13170.000000 1.000000 0.857143
13177.500000 1.000000 -0.142857
13185.000000 1.000000 -0.142857
13192.500000 1.000000 -0.142857
13200.000000 1.000000 -0.142857
13207.500000 1.000000 -0.142857
13215.000000 1.000000 -0.142857
13222.500000 1.000000 -0.142857
13230.000000 1.000000 0.857143
13237.500000 1.000000 0.857143
13245.000000 1.000000 -0.142857
13252.500000 1.000000 -0.142857
13260.000000 1.000000 0.857143
13267.500000 1.000000 0.857143
13275.000000 1.000000 0.857143
13282.500000 1.000000 -0.142857
13290.000000 1.000000 0.857143
13297.500000 1.000000 0.857143
13305.000000 1.000000 0.857143
13312.500000 1.000000 -0.142857
13320.000000 1.000000 -0.142857
13327.500000 1.000000 -0.142857
13335.000000 1.000000 2.857143
13342.500000 1.000000 -0.142857
13350.000000 1.000000 -0.142857
13357.500000 1.000000 0.857143
13365.000000 1.000000 -0.142857
13372.500000 1.000000 -0.142857
13380.000000 1.000000 -0.142857
13387.500000 1.000000 -0.142857
13395.000000 1.000000 -0.142857
13402.500000 1.000000 -0.142857
13410.000000 1.000000 -0.142857
13417.500000 1.000000 1.857143
13425.000000 1.000000 -0.142857
13432.500000 1.000000 0.857143
13440.000000 1.000000 -0.142857
13447.500000 1.000000 -0.142857
13455.000000 1.000000 0.857143
13462.500000 1.000000 0.857143
13470.000000 1.000000 1.857143
13477.500000 1.000000 -0.142857
13485.000000 1.000000 -0.142857
13492.500000 1.000000 -0.142857
13500.000000 1.000000 -0.142857
13507.500000 1.000000 -0.142857
13515.000000 1.000000 0.857143
13522.500000 1.000000 -0.142857
13530.000000 1.000000 -0.142857
13537.500000 1.000000 -0.142857
13545.000000 1.000000 -0.142857
13552.500000 1.000000 -0.142857
13560.000000 1.000000 0.857143
13567.500000 1.000000 0.857143
13575.000000 1.000000 -0.142857
13582.500000 1.000000 -0.142857
13590.000000 1.000000 -0.142857
13597.500000 1.000000 -0.142857
13605.000000 1.000000 0.857143
13612.500000 1.000000 -0.142857
13620.000000 1.000000 -0.142857
13627.500000 1.000000 -0.142857
13635.000000 1.000000 0.857143
13642.500000 1.000000 -0.142857
13650.000000 1.000000 -0.142857
13657.500000 1.000000 -0.142857
13665.000000 1.000000 -0.142857
13672.500000 1.000000 -0.142857
13680.000000 1.000000 0.857143
13687.500000 1.000000 -0.142857
13695.000000 1.000000 2.857143
13702.500000 1.000000 0.857143
13710.000000 1.000000 0.857143
13717.500000 1.000000 -0.142857
13725.000000 1.000000 0.857143
13732.500000 1.000000 -0.142857
13740.000000 1.000000 -0.142857
13747.500000 1.000000 -0.142857
13755.000000 1.000000 -0.142857
13762.500000 1.000000 1.857143
13770.000000 1.000000 -0.142857
13777.500000 1.000000 -0.142857
13785.000000 1.000000 -0.142857
13792.500000 1.000000 -0.142857
13800.000000 1.000000 -0.142857
13807.500000 1.000000 -0.142857
13815.000000 1.000000 -0.142857
13822.500000 1.000000 -0.142857
13830.000000 1.000000 0.857143
13837.500000 1.000000 -0.142857
13845.000000 1.000000 0.857143
13852.500000 1.000000 -0.142857
13860.000000 1.000000 -0.142857
13867.500000 1.000000 -0.142857
13875.000000 1.000000 -0.142857
13882.500000 1.000000 -0.142857
13890.000000 1.000000 -0.142857
13897.500000 1.000000 -0.142857
13905.000000 1.000000 0.857143
13912.500000 1.000000 0.857143
13920.000000 1.000000 -0.142857
13927.500000 1.000000 -0.142857
13935.000000 1.000000 -0.142857
13942.500000 1.000000 -0.142857
13950.000000 1.000000 1.857143
13957.500000 1.000000 1.857143
13965.000000 1.000000 -0.142857
13972.500000 1.000000 -0.142857
13980.000000 1.000000 -0.142857
13987.500000 1.000000 1.857143
13995.000000 1.000000 -0.142857
14002.500000 1.000000 -0.142857
14010.000000 1.000000 -0.142857
14017.500000 1.000000 -0.142857
14025.000000 1.000000 -0.142857
14032.500000 1.000000 0.857143
14040.000000 1.000000 0.857143
14047.500000 1.000000 -0.142857
14055.000000 1.000000 -0.142857
14062.500000 1.000000 -0.142857
14070.000000 1.000000 -0.142857
14077.500000 1.000000 -0.142857
14085.000000 1.000000 0.857143
14092.500000 1.000000 -0.142857
14100.000000 1.000000 0.857143
14107.500000 1.000000 0.857143
14115.000000 1.000000 0.857143
14122.500000 1.000000 0.857143
14130.000000 1.000000 -0.142857
14137.500000 1.000000 -0.142857
14145.000000 1.000000 -0.142857
14152.500000 1.000000 -0.142857
14160.000000 1.000000 -0.142857
14167.500000 1.000000 0.857143
14175.000000 1.000000 1.857143
14182.500000 1.000000 0.857143
14190.000000 1.000000 -0.142857
14197.500000 1.000000 -0.142857
14205.000000 1.000000 -0.142857
14212.500000 1.000000 -0.142857
14220.000000 1.000000 -0.142857
14227.500000 1.000000 -0.142857
14235.000000 1.000000 -0.142857
14242.500000 1.000000 -0.142857
14250.000000 1.000000 -0.142857
14257.500000 1.000000 -0.142857
14265.000000 1.000000 -0.142857
14272.500000 1.000000 -0.142857
14280.000000 1.000000 -0.142857
14287.500000 1.000000 -0.142857
14295.000000 1.000000 -0.142857
14302.500000 1.000000 -0.142857
14310.000000 1.000000 2.857143
14317.500000 1.000000 0.857143
14325.000000 1.000000 -0.142857
14332.500000 1.000000 -0.142857
14340.000000 1.000000 -0.142857
14347.500000 1.000000 -0.142857
14355.000000 1.000000 -0.142857
14362.500000 1.000000 -0.142857
14370.000000 1.000000 -0.142857
14377.500000 1.000000 0.857143
14385.000000 1.000000 0.857143
14392.500000 1.000000 1.857143
14400.000000 1.000000 -0.142857
14407.500000 1.000000 -0.142857
14415.000000 1.000000 -0.142857
14422.500000 1.000000 -0.142857
14430.000000 1.000000 -0.142857
14437.500000 1.000000 0.857143
14445.000000 1.000000 -0.142857
14452.500000 1.000000 -0.142857
14460.000000 1.000000 0.857143
14467.500000 1.000000 -0.142857
14475.000000 1.000000 0.857143
14482.500000 1.000000 -0.142857
14490.000000 1.000000 0.857143
14497.500000 1.000000 -0.142857
14505.000000 1.000000 -0.142857
14512.500000 1.000000 1.857143
14520.000000 1.000000 0.857143
14527.500000 1.000000 -0.142857
14535.000000 1.000000 -0.142857
14542.500000 1.000000 -0.142857
14550.000000 1.000000 0.857143
14557.500000 1.000000 -0.142857
14565.000000 1.000000 0.857143
14572.500000 1.000000 -0.142857
14580.000000 1.000000 -0.142857
14587.500000 1.000000 0.857143
14595.000000 1.000000 -0.142857
14602.500000 1.000000 -0.142857
14610.000000 1.000000 0.857143
14617.500000 1.000000 0.857143
14625.000000 1.000000 -0.142857
14632.500000 1.000000 -0.142857
14640.000000 1.000000 -0.142857
14647.500000 1.000000 -0.142857
14655.000000 1.000000 -0.142857
14662.500000 1.000000 -0.142857
14670.000000 1.000000 1.857143
14677.500000 1.000000 0.857143
14685.000000 1.000000 -0.142857
14692.500000 1.000000 0.857143
14700.000000 1.000000 0.857143
14707.500000 1.000000 -0.142857
14715.000000 1.000000 -0.142857
14722.500000 1.000000 -0.142857
14730.000000 1.000000 1.857143
14737.500000 1.000000 0.857143
14745.000000 1.000000 -0.142857
14752.500000 1.000000 -0.142857
14760.000000 1.000000 -0.142857
14767.500000 1.000000 -0.142857
14775.000000 1.000000 -0.142857
14782.500000 1.000000 -0.142857
14790.000000 1.000000 -0.142857
14797.500000 1.000000 -0.142857
14805.000000 1.000000 -0.142857
14812.500000 1.000000 -0.142857
14820.000000 1.000000 0.857143
14827.500000 1.000000 -0.142857
14835.000000 1.000000 -0.142857
14842.500000 1.000000 0.857143
14850.000000 1.000000 -0.142857
14857.500000 1.000000 0.857143
14865.000000 1.000000 0.857143
14872.500000 1.000000 -0.142857
14880.000000 1.000000 0.857143
14887.500000 1.000000 -0.142857
14895.000000 1.000000 -0.142857
14902.500000 1.000000 0.857143
14910.000000 1.000000 0.857143
14917.500000 1.000000 -0.142857
14925.000000 1.000000 -0.142857
14932.500000 1.000000 1.857143
14940.000000 1.000000 -0.142857
14947.500000 1.000000 -0.142857
14955.000000 1.000000 -0.142857
14962.500000 1.000000 -0.142857
14970.000000 1.000000 -0.142857
14977.500000 1.000000 -0.142857
14985.000000 1.000000 -0.142857
14992.500000 1.000000 -0.142857
15000.000000 1.000000 -0.142857
15007.500000 1.000000 0.857143
15015.000000 1.000000 0.857143
15022.500000 1.000000 -0.142857
15030.000000 1.000000 -0.142857
15037.500000 1.000000 -0.142857
15045.000000 1.000000 0.857143
15052.500000 1.000000 -0.142857
15060.000000 1.000000 0.857143
15067.500000 1.000000 -0.142857
15075.000000 1.000000 -0.142857
15082.500000 1.000000 -0.142857
15090.000000 1.000000 -0.142857
15097.500000 1.000000 -0.142857
15105.000000 1.000000 -0.142857
15112.500000 1.000000 -0.142857
15120.000000 1.000000 0.857143
15127.500000 1.000000 -0.142857
15135.000000 1.000000 -0.142857
15142.500000 1.000000 -0.142857
15150.000000 1.000000 -0.142857
15157.500000 1.000000 0.857143
15165.000000 1.000000 -0.142857
15172.500000 1.000000 -0.142857
15180.000000 1.000000 0.857143
15187.500000 1.000000 -0.142857
15195.000000 1.000000 -0.142857
15202.500000 1.000000 -0.142857
15210.000000 1.000000 -0.142857
15217.500000 1.000000 -0.142857
15225.000000 1.000000 -0.142857
15232.500000 1.000000 -0.142857
15240.000000 1.000000 -0.142857
15247.500000 1.000000 0.857143
15255.000000 1.000000 -0.142857
15262.500000 1.000000 -0.142857
15270.000000 1.000000 -0.142857
15277.500000 1.000000 -0.142857
15285.000000 1.000000 -0.142857
15292.500000 1.000000 -0.142857
15300.000000 1.000000 0.857143
15307.500000 1.000000 -0.142857
15315.000000 1.000000 -0.142857
15322.500000 1.000000 -0.142857
15330.000000 1.000000 -0.142857
15337.500000 1.000000 -0.142857
15345.000000 1.000000 0.857143
15352.500000 1.000000 0.857143
15360.000000 1.000000 0.857143
15367.500000 1.000000 -0.142857
15375.000000 1.000000 0.857143
15382.500000 1.000000 -0.142857
15390.000000 1.000000 0.857143
15397.500000 1.000000 0.857143
15405.000000 1.000000 -0.142857
15412.500000 1.000000 -0.142857
15420.000000 1.000000 -0.142857
15427.500000 1.000000 -0.142857
15435.000000 1.000000 0.857143
15442.500000 1.000000 0.857143
15450.000000 1.000000 -0.142857
15457.500000 1.000000 -0.142857
15465.000000 1.000000 -0.142857
15472.500000 1.000000 -0.142857
15480.000000 1.000000 -0.142857
15487.500000 1.000000 -0.142857
15495.000000 1.000000 -0.142857
15502.500000 1.000000 -0.142857
15510.000000 1.000000 -0.142857
15517.500000 1.000000 -0.142857
15525.000000 1.000000 -0.142857
15532.500000 1.000000 -0.142857
15540.000000 1.000000 -0.142857
15547.500000 1.000000 -0.142857
15555.000000 1.000000 0.857143
15562.500000 1.000000 -0.142857
15570.000000 1.000000 0.857143
15577.500000 1.000000 -0.142857
15585.000000 1.000000 -0.142857
15592.500000 1.000000 -0.142857
15600.000000 1.000000 -0.142857
15607.500000 1.000000 -0.142857
15615.000000 1.000000 -0.142857
15622.500000 1.000000 -0.142857
15630.000000 1.000000 0.857143
15637.500000 1.000000 -0.142857
15645.000000 1.000000 -0.142857
15652.500000 1.000000 0.857143
15660.000000 1.000000 -0.142857
15667.500000 1.000000 0.857143
15675.000000 1.000000 -0.142857
15682.500000 1.000000 -0.142857
15690.000000 1.000000 -0.142857
15697.500000 1.000000 -0.142857
15705.000000 1.000000 0.857143
15712.500000 1.000000 -0.142857
15720.000000 1.000000 -0.142857
15727.500000 1.000000 0.857143
15735.000000 1.000000 -0.142857
15742.500000 1.000000 0.857143
15750.000000 1.000000 0.857143
15757.500000 1.000000 -0.142857
15765.000000 1.000000 -0.142857
15772.500000 1.000000 -0.142857
15780.000000 1.000000 1.857143
15787.500000 1.000000 0.857143
15795.000000 1.000000 0.857143
15802.500000 1.000000 -0.142857
15810.000000 1.000000 0.857143
15817.500000 1.000000 -0.142857
15825.000000 1.000000 -0.142857
15832.500000 1.000000 -0.142857
15840.000000 1.000000 1.857143
15847.500000 1.000000 0.857143
15855.000000 1.000000 0.857143
15862.500000 1.000000 -0.142857
15870.000000 1.000000 -0.142857
15877.500000 1.000000 -0.142857
15885.000000 1.000000 -0.142857
15892.500000 1.000000 -0.142857
15900.000000 1.000000 -0.142857
15907.500000 1.000000 -0.142857
15915.000000 1.000000 0.857143
15922.500000 1.000000 -0.142857
15930.000000 1.000000 -0.142857
15937.500000 1.000000 -0.142857
15945.000000 1.000000 -0.142857
15952.500000 1.000000 -0.142857
15960.000000 1.000000 1.857143
15967.500000 1.000000 -0.142857
15975.000000 1.000000 -0.142857
15982.500000 1.000000 -0.142857
15990.000000 1.000000 -0.142857
15997.500000 1.000000 0.857143
16005.000000 1.000000 -0.142857
16012.500000 1.000000 -0.142857
16020.000000 1.000000 -0.142857
16027.500000 1.000000 2.857143
16035.000000 1.000000 -0.142857
16042.500000 1.000000 -0.142857
16050.000000 1.000000 -0.142857
16057.500000 1.000000 1.857143
16065.000000 1.000000 -0.142857
16072.500000 1.000000 -0.142857
16080.000000 1.000000 -0.142857
16087.500000 1.000000 -0.142857
16095.000000 1.000000 -0.142857
16102.500000 1.000000 -0.142857
16110.000000 1.000000 -0.142857
16117.500000 1.000000 -0.142857
16125.000000 1.000000 -0.142857
16132.500000 1.000000 0.857143
16140.000000 1.000000 1.857143
16147.500000 1.000000 0.857143
16155.000000 1.000000 1.857143
16162.500000 1.000000 0.857143
16170.000000 1.000000 -0.142857
16177.500000 1.000000 -0.142857
16185.000000 1.000000 -0.142857
16192.500000 1.000000 -0.142857
16200.000000 1.000000 0.857143
16207.500000 1.000000 -0.142857
16215.000000 1.000000 -0.142857
16222.500000 1.000000 1.857143
16230.000000 1.000000 0.857143
16237.500000 1.000000 -0.142857
16245.000000 1.000000 0.857143
16252.500000 1.000000 -0.142857
16260.000000 1.000000 -0.142857
16267.500000 1.000000 -0.142857
16275.000000 1.000000 -0.142857
16282.500000 1.000000 0.857143
16290.000000 1.000000 -0.142857
16297.500000 1.000000 -0.142857
16305.000000 1.000000 -0.142857
16312.500000 1.000000 -0.142857
16320.000000 1.000000 -0.142857
16327.500000 1.000000 -0.142857
16335.000000 1.000000 -0.142857
16342.500000 1.000000 -0.142857
16350.000000 1.000000 -0.142857
16357.500000 1.000000 -0.142857
16365.000000 1.000000 -0.142857
16372.500000 1.000000 -0.142857
16380.000000 1.000000 0.857143
16387.500000 1.000000 0.857143
16395.000000 1.000000 -0.142857
16402.500000 1.000000 -0.142857
16410.000000 1.000000 -0.142857
16417.500000 1.000000 0.857143
16425.000000 1.000000 0.857143
16432.500000 1.000000 0.857143
16440.000000 1.000000 -0.142857
16447.500000 1.000000 -0.142857
16455.000000 1.000000 -0.142857
16462.500000 1.000000 -0.142857
16470.000000 1.000000 0.857143
16477.500000 1.000000 -0.142857
16485.000000 1.000000 -0.142857
16492.500000 1.000000 1.857143
16500.000000 1.000000 -0.142857
16507.500000 1.000000 -0.142857
16515.000000 1.000000 -0.142857
16522.500000 1.000000 0.857143
16530.000000 1.000000 -0.142857
16537.500000 1.000000 -0.142857
16545.000000 1.000000 -0.142857
16552.500000 1.000000 -0.142857
16560.000000 1.000000 0.857143
16567.500000 1.000000 -0.142857
16575.000000 1.000000 -0.142857
16582.500000 1.000000 -0.142857
16590.000000 1.000000 0.857143
16597.500000 1.000000 0.857143
16605.000000 1.000000 -0.142857
16612.500000 1.000000 -0.142857
16620.000000 1.000000 1.857143
16627.500000 1.000000 -0.142857
16635.000000 1.000000 1.857143
16642.500000 1.000000 -0.142857
16650.000000 1.000000 -0.142857
16657.500000 1.000000 -0.142857
16665.000000 1.000000 -0.142857
16672.500000 1.000000 -0.142857
16680.000000 1.000000 -0.142857
16687.500000 1.000000 -0.142857
16695.000000 1.000000 0.857143
16702.500000 1.000000 0.857143
16710.000000 1.000000 -0.142857
16717.500000 1.000000 -0.142857
16725.000000 1.000000 -0.142857
16732.500000 1.000000 -0.142857
16740.000000 1.000000 -0.142857
16747.500000 1.000000 -0.142857
16755.000000 1.000000 -0.142857
16762.500000 1.000000 -0.142857
16770.000000 1.000000 -0.142857
16777.500000 1.000000 -0.142857
16785.000000 1.000000 -0.142857
16792.500000 1.000000 -0.142857
16800.000000 1.000000 -0.142857
16807.500000 1.000000 -0.142857
16815.000000 1.000000 -0.142857
16822.500000 1.000000 0.857143
16830.000000 1.000000 -0.142857
16837.500000 1.000000 -0.142857
16845.000000 1.000000 -0.142857
16852.500000 1.000000 -0.142857
16860.000000 1.000000 -0.142857
16867.500000 1.000000 -0.142857
16875.000000 1.000000 -0.142857
16882.500000 1.000000 -0.142857
16890.000000 1.000000 -0.142857
16897.500000 1.000000 1.857143
16905.000000 1.000000 -0.142857
16912.500000 1.000000 -0.142857
16920.000000 1.000000 -0.142857
16927.500000 1.000000 -0.142857
16935.000000 1.000000 -0.142857
16942.500000 1.000000 -0.142857
16950.000000 1.000000 -0.142857
16957.500000 1.000000 0.857143
16965.000000 1.000000 -0.142857
16972.500000 1.000000 0.857143
16980.000000 1.000000 -0.142857
16987.500000 1.000000 -0.142857
16995.000000 1.000000 0.857143
17002.500000 1.000000 0.857143
17010.000000 1.000000 0.857143
17017.500000 1.000000 0.857143
17025.000000 1.000000 0.857143
17032.500000 1.000000 0.857143
17040.000000 1.000000 -0.142857
17047.500000 1.000000 -0.142857
17055.000000 1.000000 -0.142857
17062.500000 1.000000 0.857143
17070.000000 1.000000 -0.142857
17077.500000 1.000000 -0.142857
17085.000000 1.000000 -0.142857
17092.500000 1.000000 -0.142857
17100.000000 1.000000 -0.142857
17107.500000 1.000000 1.857143
17115.000000 1.000000 -0.142857
17122.500000 1.000000 -0.142857
17130.000000 1.000000 -0.142857
17137.500000 1.000000 -0.142857
17145.000000 1.000000 0.857143
17152.500000 1.000000 -0.142857
17160.000000 1.000000 0.857143
17167.500000 1.000000 -0.142857
17175.000000 1.000000 -0.142857
17182.500000 1.000000 0.857143
17190.000000 1.000000 0.857143
17197.500000 1.000000 -0.142857
17205.000000 1.000000 -0.142857
17212.500000 1.000000 -0.142857
17220.000000 1.000000 -0.142857
17227.500000 1.000000 -0.142857
17235.000000 1.000000 0.857143
17242.500000 1.000000 -0.142857
17250.000000 1.000000 -0.142857
17257.500000 1.000000 -0.142857
17265.000000 1.000000 -0.142857
17272.500000 1.000000 -0.142857
17280.000000 1.000000 -0.142857
17287.500000 1.000000 -0.142857
17295.000000 1.000000 -0.142857
17302.500000 1.000000 0.857143
17310.000000 1.000000 0.857143
17317.500000 1.000000 -0.142857
17325.000000 1.000000 -0.142857
17332.500000 1.000000 0.857143
17340.000000 1.000000 0.857143
17347.500000 1.000000 -0.142857
17355.000000 1.000000 0.857143
17362.500000 1.000000 -0.142857
17370.000000 1.000000 -0.142857
17377.500000 1.000000 -0.142857
17385.000000 1.000000 -0.142857
17392.500000 1.000000 -0.142857
17400.000000 1.000000 -0.142857
17407.500000 1.000000 -0.142857
17415.000000 1.000000 -0.142857
17422.500000 1.000000 -0.142857
17430.000000 1.000000 -0.142857
17437.500000 1.000000 -0.142857
17445.000000 1.000000 -0.142857
17452.500000 1.000000 0.857143
17460.000000 1.000000 -0.142857
17467.500000 1.000000 -0.142857
17475.000000 1.000000 -0.142857
17482.500000 1.000000 -0.142857
17490.000000 1.000000 -0.142857
17497.500000 1.000000 -0.142857
17505.000000 1.000000 -0.142857
17512.500000 1.000000 -0.142857
17520.000000 1.000000 -0.142857
17527.500000 1.000000 -0.142857
17535.000000 1.000000 -0.142857
17542.500000 1.000000 -0.142857
17550.000000 1.000000 0.857143
17557.500000 1.000000 -0.142857
17565.000000 1.000000 -0.142857
17572.500000 1.000000 0.857143
17580.000000 1.000000 0.857143
17587.500000 1.000000 0.857143
17595.000000 1.000000 -0.142857
17602.500000 1.000000 -0.142857
17610.000000 1.000000 -0.142857
17617.500000 1.000000 -0.142857
17625.000000 1.000000 -0.142857
17632.500000 1.000000 -0.142857
17640.000000 1.000000 -0.142857
17647.500000 1.000000 -0.142857
17655.000000 1.000000 -0.142857
17662.500000 1.000000 -0.142857
17670.000000 1.000000 -0.142857
17677.500000 1.000000 0.857143
17685.000000 1.000000 -0.142857
17692.500000 1.000000 -0.142857
17700.000000 1.000000 0.857143
17707.500000 1.000000 0.857143
17715.000000 1.000000 1.857143
17722.500000 1.000000 -0.142857
17730.000000 1.000000 0.857143
17737.500000 1.000000 0.857143
17745.000000 1.000000 -0.142857
17752.500000 1.000000 -0.142857
17760.000000 1.000000 -0.142857
17767.500000 1.000000 -0.142857
17775.000000 1.000000 -0.142857
17782.500000 1.000000 -0.142857
17790.000000 1.000000 -0.142857
17797.500000 1.000000 -0.142857
17805.000000 1.000000 -0.142857
17812.500000 1.000000 0.857143
17820.000000 1.000000 0.857143
17827.500000 1.000000 -0.142857
17835.000000 1.000000 -0.142857
17842.500000 1.000000 -0.142857
17850.000000 1.000000 0.857143
17857.500000 1.000000 -0.142857
17865.000000 1.000000 0.857143
17872.500000 1.000000 -0.142857
17880.000000 1.000000 -0.142857
17887.500000 1.000000 -0.142857
17895.000000 1.000000 -0.142857
17902.500000 1.000000 -0.142857
17910.000000 1.000000 -0.142857
17917.500000 1.000000 -0.142857
17925.000000 1.000000 -0.142857
17932.500000 1.000000 0.857143
17940.000000 1.000000 -0.142857
17947.500000 1.000000 0.857143
17955.000000 1.000000 -0.142857
17962.500000 1.000000 0.857143
17970.000000 1.000000 0.857143
17977.500000 1.000000 0.857143
17985.000000 1.000000 -0.142857
17992.500000 1.000000 -0.142857
18000.000000 1.000000 -0.142857
18007.500000 1.000000 -0.142857
18015.000000 1.000000 -0.142857
18022.500000 1.000000 0.857143
18030.000000 1.000000 0.857143
18037.500000 1.000000 -0.142857
18045.000000 1.000000 -0.142857
18052.500000 1.000000 -0.142857
18060.000000 1.000000 -0.142857
18067.500000 1.000000 -0.142857
18075.000000 1.000000 -0.142857
18082.500000 1.000000 -0.142857
18090.000000 1.000000 -0.142857
18097.500000 1.000000 0.857143
18105.000000 1.000000 0.857143
18112.500000 1.000000 0.857143
18120.000000 1.000000 -0.142857
18127.500000 1.000000 0.857143
18135.000000 1.000000 -0.142857
18142.500000 1.000000 -0.142857
18150.000000 1.000000 -0.142857
18157.500000 1.000000 -0.142857
18165.000000 1.000000 -0.142857
18172.500000 1.000000 -0.142857
18180.000000 1.000000 -0.142857
18187.500000 1.000000 2.857143
18195.000000 1.000000 -0.142857
18202.500000 1.000000 -0.142857
18210.000000 1.000000 -0.142857
18217.500000 1.000000 0.857143
18225.000000 1.000000 -0.142857
18232.500000 1.000000 0.857143
18240.000000 1.000000 -0.142857
18247.500000 1.000000 -0.142857
18255.000000 1.000000 -0.142857
18262.500000 1.000000 -0.142857
18270.000000 1.000000 0.857143
18277.500000 1.000000 -0.142857
18285.000000 1.000000 -0.142857
18292.500000 1.000000 -0.142857
18300.000000 1.000000 -0.142857
18307.500000 1.000000 -0.142857
18315.000000 1.000000 -0.142857
18322.500000 1.000000 -0.142857
18330.000000 1.000000 -0.142857
18337.500000 1.000000 0.857143
18345.000000 1.000000 -0.142857
18352.500000 1.000000 -0.142857
18360.000000 1.000000 -0.142857
18367.500000 1.000000 -0.142857
18375.000000 1.000000 -0.142857
18382.500000 1.000000 -0.142857
18390.000000 1.000000 0.857143
18397.500000 1.000000 0.857143
18405.000000 1.000000 0.857143
18412.500000 1.000000 0.857143
18420.000000 1.000000 -0.142857
18427.500000 1.000000 1.857143
18435.000000 1.000000 0.857143
18442.500000 1.000000 2.857143
18450.000000 1.000000 0.857143
18457.500000 1.000000 -0.142857
18465.000000 1.000000 -0.142857
18472.500000 1.000000 -0.142857
18480.000000 1.000000 0.857143
18487.500000 1.000000 -0.142857
18495.000000 1.000000 -0.142857
18502.500000 1.000000 0.857143
18510.000000 1.000000 0.857143
18517.500000 1.000000 -0.142857
18525.000000 1.000000 -0.142857
18532.500000 1.000000 0.857143
18540.000000 1.000000 -0.142857
18547.500000 1.000000 -0.142857
18555.000000 1.000000 -0.142857
18562.500000 1.000000 -0.142857
18570.000000 1.000000 -0.142857
18577.500000 1.000000 -0.142857
18585.000000 1.000000 -0.142857
18592.500000 1.000000 -0.142857
18600.000000 1.000000 0.857143
18607.500000 1.000000 -0.142857
18615.000000 1.000000 -0.142857
18622.500000 1.000000 -0.142857
18630.000000 1.000000 -0.142857
18637.500000 1.000000 -0.142857
18645.000000 1.000000 -0.142857
18652.500000 1.000000 2.857143
18660.000000 1.000000 2.857143
18667.500000 1.000000 -0.142857
18675.000000 1.000000 -0.142857
18682.500000 1.000000 0.857143
18690.000000 1.000000 -0.142857
18697.500000 1.000000 0.857143
18705.000000 1.000000 0.857143
18712.500000 1.000000 -0.142857
18720.000000 1.000000 0.857143
18727.500000 1.000000 -0.142857
18735.000000 1.000000 0.857143
18742.500000 1.000000 0.857143
18750.000000 1.000000 -0.142857
18757.500000 1.000000 -0.142857
18765.000000 1.000000 -0.142857
18772.500000 1.000000 -0.142857
18780.000000 1.000000 -0.142857
18787.500000 1.000000 -0.142857
18795.000000 1.000000 1.857143
18802.500000 1.000000 -0.142857
18810.000000 1.000000 -0.142857
18817.500000 1.000000 -0.142857
18825.000000 1.000000 -0.142857
18832.500000 1.000000 1.857143
18840.000000 1.000000 -0.142857
18847.500000 1.000000 0.857143
18855.000000 1.000000 0.857143
18862.500000 1.000000 0.857143
18870.000000 1.000000 -0.142857
18877.500000 1.000000 -0.142857
18885.000000 1.000000 -0.142857
18892.500000 1.000000 0.857143
18900.000000 1.000000 -0.142857
18907.500000 1.000000 -0.142857
18915.000000 1.000000 -0.142857
18922.500000 1.000000 -0.142857
18930.000000 1.000000 0.857143
18937.500000 1.000000 -0.142857
18945.000000 1.000000 -0.142857
18952.500000 1.000000 -0.142857
18960.000000 1.000000 -0.142857
18967.500000 1.000000 -0.142857
18975.000000 1.000000 -0.142857
18982.500000 1.000000 0.857143
18990.000000 1.000000 0.857143
18997.500000 1.000000 -0.142857
19005.000000 1.000000 -0.142857
19012.500000 1.000000 -0.142857
19020.000000 1.000000 -0.142857
19027.500000 1.000000 -0.142857
19035.000000 1.000000 0.857143
19042.500000 1.000000 0.857143
19050.000000 1.000000 0.857143
19057.500000 1.000000 -0.142857
19065.000000 1.000000 -0.142857
19072.500000 1.000000 -0.142857
19080.000000 1.000000 -0.142857
19087.500000 1.000000 0.857143
19095.000000 1.000000 -0.142857
19102.500000 1.000000 0.857143
19110.000000 1.000000 -0.142857
19117.500000 1.000000 -0.142857
19125.000000 1.000000 -0.142857
19132.500000 1.000000 -0.142857
19140.000000 1.000000 -0.142857
19147.500000 1.000000 -0.142857
19155.000000 1.000000 -0.142857
19162.500000 1.000000 1.857143
19170.000000 1.000000 -0.142857
19177.500000 1.000000 0.857143
19185.000000 1.000000 -0.142857
19192.500000 1.000000 -0.142857
19200.000000 1.000000 -0.142857
19207.500000 1.000000 -0.142857
19215.000000 1.000000 0.857143
19222.500000 1.000000 -0.142857
19230.000000 1.000000 0.857143
19237.500000 1.000000 0.857143
19245.000000 1.000000 0.857143
19252.500000 1.000000 -0.142857
19260.000000 1.000000 -0.142857
19267.500000 1.000000 -0.142857
19275.000000 1.000000 -0.142857
19282.500000 1.000000 -0.142857
19290.000000 1.000000 -0.142857
19297.500000 1.000000 0.857143
19305.000000 1.000000 -0.142857
19312.500000 1.000000 0.857143
19320.000000 1.000000 0.857143
19327.500000 1.000000 -0.142857
19335.000000 1.000000 -0.142857
19342.500000 1.000000 0.857143
19350.000000 1.000000 -0.142857
19357.500000 1.000000 -0.142857
19365.000000 1.000000 -0.142857
19372.500000 1.000000 -0.142857
19380.000000 1.000000 0.857143
19387.500000 1.000000 0.857143
19395.000000 1.000000 -0.142857
19402.500000 1.000000 -0.142857
19410.000000 1.000000 -0.142857
19417.500000 1.000000 0.857143
19425.000000 1.000000 -0.142857
19432.500000 1.000000 1.857143
19440.000000 1.000000 -0.142857
19447.500000 1.000000 -0.142857
19455.000000 1.000000 -0.142857
19462.500000 1.000000 -0.142857
19470.000000 1.000000 0.857143
19477.500000 1.000000 -0.142857
19485.000000 1.000000 -0.142857
19492.500000 1.000000 -0.142857
19500.000000 1.000000 0.857143
19507.500000 1.000000 -0.142857
19515.000000 1.000000 0.857143
19522.500000 1.000000 -0.142857
19530.000000 1.000000 0.857143
19537.500000 1.000000 0.857143
19545.000000 1.000000 -0.142857
19552.500000 1.000000 0.857143
19560.000000 1.000000 -0.142857
19567.500000 1.000000 -0.142857
19575.000000 1.000000 -0.142857
19582.500000 1.000000 0.857143
19590.000000 1.000000 -0.142857
19597.500000 1.000000 -0.142857
19605.000000 1.000000 -0.142857
19612.500000 1.000000 0.857143
19620.000000 1.000000 -0.142857
19627.500000 1.000000 -0.142857
19635.000000 1.000000 0.857143
19642.500000 1.000000 2.857143
19650.000000 1.000000 2.857143
19657.500000 1.000000 -0.142857
19665.000000 1.000000 -0.142857
19672.500000 1.000000 -0.142857
19680.000000 1.000000 -0.142857
19687.500000 1.000000 -0.142857
19695.000000 1.000000 -0.142857
19702.500000 1.000000 0.857143
19710.000000 1.000000 -0.142857
19717.500000 1.000000 -0.142857
19725.000000 1.000000 -0.142857
19732.500000 1.000000 -0.142857
19740.000000 1.000000 -0.142857
19747.500000 1.000000 -0.142857
19755.000000 1.000000 0.857143
19762.500000 1.000000 0.857143
19770.000000 1.000000 -0.142857
19777.500000 1.000000 -0.142857
19785.000000 1.000000 -0.142857
19792.500000 1.000000 -0.142857
19800.000000 1.000000 -0.142857
19807.500000 1.000000 -0.142857
19815.000000 1.000000 -0.142857
19822.500000 1.000000 -0.142857
19830.000000 1.000000 -0.142857
19837.500000 1.000000 0.857143
19845.000000 1.000000 -0.142857
19852.500000 1.000000 -0.142857
19860.000000 1.000000 -0.142857
19867.500000 1.000000 -0.142857
19875.000000 1.000000 -0.142857
19882.500000 1.000000 -0.142857
19890.000000 1.000000 -0.142857
19897.500000 1.000000 -0.142857
19905.000000 1.000000 0.857143
19912.500000 1.000000 0.857143
19920.000000 1.000000 -0.142857
19927.500000 1.000000 -0.142857
19935.000000 1.000000 0.857143
19942.500000 1.000000 0.857143
19950.000000 1.000000 -0.142857
19957.500000 1.000000 -0.142857
19965.000000 1.000000 0.857143
19972.500000 1.000000 0.857143
19980.000000 1.000000 0.857143
19987.500000 1.000000 -0.142857
19995.000000 1.000000 -0.142857
20002.500000 1.000000 -0.142857
20010.000000 1.000000 -0.142857
20017.500000 1.000000 -0.142857
20025.000000 1.000000 -0.142857
20032.500000 1.000000 0.857143
20040.000000 1.000000 -0.142857
20047.500000 1.000000 -0.142857
20055.000000 1.000000 -0.142857
20062.500000 1.000000 -0.142857
20070.000000 1.000000 -0.142857
20077.500000 1.000000 -0.142857
20085.000000 1.000000 -0.142857
20092.500000 1.000000 -0.142857
20100.000000 1.000000 1.857143
20107.500000 1.000000 -0.142857
20115.000000 1.000000 -0.142857
20122.500000 1.000000 -0.142857
20130.000000 1.000000 -0.142857
20137.500000 1.000000 -0.142857
20145.000000 1.000000 -0.142857
20152.500000 1.000000 0.857143
20160.000000 1.000000 -0.142857
20167.500000 1.000000 -0.142857
20175.000000 1.000000 -0.142857
20182.500000 1.000000 -0.142857
20190.000000 1.000000 0.857143
20197.500000 1.000000 0.857143
20205.000000 1.000000 -0.142857
20212.500000 1.000000 -0.142857
20220.000000 1.000000 -0.142857
20227.500000 1.000000 -0.142857
20235.000000 1.000000 -0.142857
20242.500000 1.000000 -0.142857
20250.000000 1.000000 -0.142857
20257.500000 1.000000 -0.142857
20265.000000 1.000000 0.857143
20272.500000 1.000000 -0.142857
20280.000000 1.000000 -0.142857
20287.500000 1.000000 -0.142857
20295.000000 1.000000 0.857143
20302.500000 1.000000 -0.142857
20310.000000 1.000000 -0.142857
20317.500000 1.000000 -0.142857
20325.000000 1.000000 -0.142857
20332.500000 1.000000 -0.142857
20340.000000 1.000000 -0.142857
20347.500000 1.000000 -0.142857
20355.000000 1.000000 -0.142857
20362.500000 1.000000 -0.142857
20370.000000 1.000000 -0.142857
20377.500000 1.000000 0.857143
20385.000000 1.000000 -0.142857
20392.500000 1.000000 -0.142857
20400.000000 1.000000 0.857143
20407.500000 1.000000 -0.142857
20415.000000 1.000000 0.857143
20422.500000 1.000000 -0.142857
20430.000000 1.000000 -0.142857
20437.500000 1.000000 0.857143
20445.000000 1.000000 0.857143
20452.500000 1.000000 0.857143
20460.000000 1.000000 -0.142857
20467.500000 1.000000 -0.142857
20475.000000 1.000000 -0.142857
20482.500000 1.000000 0.857143
20490.000000 1.000000 -0.142857
20497.500000 1.000000 -0.142857
20505.000000 1.000000 -0.142857
20512.500000 1.000000 -0.142857
20520.000000 1.000000 -0.142857
20527.500000 1.000000 -0.142857
20535.000000 1.000000 -0.142857
20542.500000 1.000000 0.857143
20550.000000 1.000000 -0.142857
20557.500000 1.000000 -0.142857
20565.000000 1.000000 0.857143
20572.500000 1.000000 0.857143
20580.000000 1.000000 -0.142857
20587.500000 1.000000 -0.142857
20595.000000 1.000000 -0.142857
20602.500000 1.000000 -0.142857
20610.000000 1.000000 0.857143
20617.500000 1.000000 -0.142857
20625.000000 1.000000 0.857143
20632.500000 1.000000 -0.142857
20640.000000 1.000000 -0.142857
20647.500000 1.000000 -0.142857
20655.000000 1.000000 -0.142857
20662.500000 1.000000 -0.142857
20670.000000 1.000000 -0.142857
20677.500000 1.000000 -0.142857
20685.000000 1.000000 -0.142857
20692.500000 1.000000 -0.142857
20700.000000 1.000000 -0.142857
20707.500000 1.000000 1.857143
20715.000000 1.000000 -0.142857
20722.500000 1.000000 -0.142857
20730.000000 1.000000 0.857143
20737.500000 1.000000 -0.142857
20745.000000 1.000000 1.857143
20752.500000 1.000000 0.857143
20760.000000 1.000000 0.857143
20767.500000 1.000000 -0.142857
20775.000000 1.000000 -0.142857
20782.500000 1.000000 -0.142857
20790.000000 1.000000 -0.142857
20797.500000 1.000000 -0.142857
20805.000000 1.000000 -0.142857
20812.500000 1.000000 -0.142857
20820.000000 1.000000 0.857143
20827.500000 1.000000 -0.142857
20835.000000 1.000000 -0.142857
20842.500000 1.000000 -0.142857
20850.000000 1.000000 0.857143
20857.500000 1.000000 0.857143
20865.000000 1.000000 -0.142857
20872.500000 1.000000 -0.142857
20880.000000 1.000000 0.857143
20887.500000 1.000000 0.857143
20895.000000 1.000000 -0.142857
20902.500000 1.000000 0.857143
20910.000000 1.000000 -0.142857
20917.500000 1.000000 -0.142857
20925.000000 1.000000 -0.142857
20932.500000 1.000000 0.857143
20940.000000 1.000000 -0.142857
20947.500000 1.000000 -0.142857
20955.000000 1.000000 -0.142857
20962.500000 1.000000 0.857143
20970.000000 1.000000 0.857143
20977.500000 1.000000 -0.142857
20985.000000 1.000000 -0.142857
20992.500000 1.000000 -0.142857
21000.000000 1.000000 -0.142857
21007.500000 1.000000 0.857143
21015.000000 1.000000 -0.142857
21022.500000 1.000000 0.857143
21030.000000 1.000000 -0.142857
21037.500000 1.000000 0.857143
21045.000000 1.000000 -0.142857
21052.500000 1.000000 -0.142857
21060.000000 1.000000 -0.142857
21067.500000 1.000000 0.857143
21075.000000 1.000000 -0.142857
21082.500000 1.000000 -0.142857
21090.000000 1.000000 -0.142857
21097.500000 1.000000 -0.142857
21105.000000 1.000000 1.857143
21112.500000 1.000000 -0.142857
21120.000000 1.000000 0.857143
21127.500000 1.000000 -0.142857
21135.000000 1.000000 -0.142857
21142.500000 1.000000 0.857143
21150.000000 1.000000 -0.142857
21157.500000 1.000000 -0.142857
21165.000000 1.000000 -0.142857
21172.500000 1.000000 -0.142857
21180.000000 1.000000 -0.142857
21187.500000 1.000000 -0.142857
21195.000000 1.000000 -0.142857
21202.500000 1.000000 -0.142857
21210.000000 1.000000 -0.142857
21217.500000 1.000000 -0.142857
21225.000000 1.000000 -0.142857
21232.500000 1.000000 -0.142857
21240.000000 1.000000 -0.142857
21247.500000 1.000000 -0.142857
21255.000000 1.000000 0.857143
21262.500000 1.000000 1.857143
21270.000000 1.000000 -0.142857
21277.500000 1.000000 -0.142857
21285.000000 1.000000 -0.142857
21292.500000 1.000000 -0.142857
21300.000000 1.000000 -0.142857
21307.500000 1.000000 -0.142857
21315.000000 1.000000 -0.142857
21322.500000 1.000000 0.857143
21330.000000 1.000000 -0.142857
21337.500000 1.000000 -0.142857
21345.000000 1.000000 -0.142857
21352.500000 1.000000 -0.142857
21360.000000 1.000000 -0.142857
21367.500000 1.000000 -0.142857
21375.000000 1.000000 -0.142857
21382.500000 1.000000 -0.142857
21390.000000 1.000000 -0.142857
21397.500000 1.000000 -0.142857
21405.000000 1.000000 -0.142857
21412.500000 1.000000 -0.142857
21420.000000 1.000000 0.857143
21427.500000 1.000000 0.857143
21435.000000 1.000000 -0.142857
21442.500000 1.000000 0.857143
21450.000000 1.000000 -0.142857
21457.500000 1.000000 0.857143
21465.000000 1.000000 0.857143
21472.500000 1.000000 -0.142857
21480.000000 1.000000 -0.142857
21487.500000 1.000000 -0.142857
21495.000000 1.000000 0.857143
21502.500000 1.000000 -0.142857
21510.000000 1.000000 -0.142857
21517.500000 1.000000 -0.142857
21525.000000 1.000000 0.857143
21532.500000 1.000000 -0.142857
21540.000000 1.000000 -0.142857
21547.500000 1.000000 -0.142857
21555.000000 1.000000 -0.142857
21562.500000 1.000000 0.857143
21570.000000 1.000000 -0.142857
21577.500000 1.000000 0.857143
21585.000000 1.000000 0.857143
21592.500000 1.000000 -0.142857
21600.000000 1.000000 1.857143
21607.500000 1.000000 -0.142857
21615.000000 1.000000 -0.142857
21622.500000 1.000000 -0.142857
21630.000000 1.000000 -0.142857
21637.500000 1.000000 -0.142857
21645.000000 1.000000 -0.142857
21652.500000 1.000000 -0.142857
21660.000000 1.000000 0.857143
21667.500000 1.000000 -0.142857
21675.000000 1.000000 0.857143
21682.500000 1.000000 -0.142857
21690.000000 1.000000 -0.142857
21697.500000 1.000000 -0.142857
21705.000000 1.000000 1.857143
21712.500000 1.000000 1.857143
21720.000000 1.000000 -0.142857
21727.500000 1.000000 -0.142857
21735.000000 1.000000 -0.142857
21742.500000 1.000000 -0.142857
21750.000000 1.000000 -0.142857
21757.500000 1.000000 -0.142857
21765.000000 1.000000 -0.142857
21772.500000 1.000000 -0.142857
21780.000000 1.000000 -0.142857
21787.500000 1.000000 -0.142857
21795.000000 1.000000 -0.142857
21802.500000 1.000000 -0.142857
21810.000000 1.000000 -0.142857
21817.500000 1.000000 0.857143
21825.000000 1.000000 -0.142857
21832.500000 1.000000 -0.142857
21840.000000 1.000000 0.857143
21847.500000 1.000000 -0.142857
21855.000000 1.000000 -0.142857
21862.500000 1.000000 -0.142857
21870.000000 1.000000 -0.142857
21877.500000 1.000000 -0.142857
21885.000000 1.000000 0.857143
21892.500000 1.000000 -0.142857
21900.000000 1.000000 -0.142857
21907.500000 1.000000 0.857143
21915.000000 1.000000 -0.142857
21922.500000 1.000000 1.857143
21930.000000 1.000000 -0.142857
21937.500000 1.000000 -0.142857
21945.000000 1.000000 -0.142857
21952.500000 1.000000 -0.142857
21960.000000 1.000000 -0.142857
21967.500000 1.000000 -0.142857
21975.000000 1.000000 -0.142857
21982.500000 1.000000 0.857143
21990.000000 1.000000 -0.142857
21997.500000 1.000000 0.857143
22005.000000 1.000000 0.857143
22012.500000 1.000000 -0.142857
22020.000000 1.000000 -0.142857
22027.500000 1.000000 -0.142857
22035.000000 1.000000 -0.142857
22042.500000 1.000000 -0.142857
22050.000000 1.000000 -0.142857
22057.500000 1.000000 -0.142857
22065.000000 1.000000 -0.142857
22072.500000 1.000000 -0.142857
22080.000000 1.000000 -0.142857
22087.500000 1.000000 0.857143
22095.000000 1.000000 -0.142857
22102.500000 1.000000 -0.142857
22110.000000 1.000000 -0.142857
22117.500000 1.000000 -0.142857
22125.000000 1.000000 -0.142857
22132.500000 1.000000 -0.142857
22140.000000 1.000000 0.857143
22147.500000 1.000000 -0.142857
22155.000000 1.000000 -0.142857
22162.500000 1.000000 -0.142857
22170.000000 1.000000 1.857143
22177.500000 1.000000 -0.142857
22185.000000 1.000000 -0.142857
22192.500000 1.000000 -0.142857
22200.000000 1.000000 -0.142857
22207.500000 1.000000 -0.142857
22215.000000 1.000000 -0.142857
22222.500000 1.000000 -0.142857
22230.000000 1.000000 0.857143
22237.500000 1.000000 -0.142857
22245.000000 1.000000 1.857143
22252.500000 1.000000 -0.142857
22260.000000 1.000000 0.857143
22267.500000 1.000000 1.857143
22275.000000 1.000000 -0.142857
22282.500000 1.000000 1.857143
22290.000000 1.000000 1.857143
22297.500000 1.000000 0.857143
22305.000000 1.000000 -0.142857
22312.500000 1.000000 -0.142857
22320.000000 1.000000 -0.142857
22327.500000 1.000000 -0.142857
22335.000000 1.000000 -0.142857
22342.500000 1.000000 -0.142857
22350.000000 1.000000 -0.142857
22357.500000 1.000000 -0.142857
22365.000000 1.000000 -0.142857
22372.500000 1.000000 -0.142857
22380.000000 1.000000 -0.142857
22387.500000 1.000000 -0.142857
22395.000000 1.000000 -0.142857
22402.500000 1.000000 -0.142857
22410.000000 1.000000 0.857143
22417.500000 1.000000 0.857143
22425.000000 1.000000 -0.142857
22432.500000 1.000000 -0.142857
22440.000000 1.000000 -0.142857
22447.500000 1.000000 -0.142857
